247.18,0.09619
248.78,0.09871
250.38,0.10088
251.98,0.10273
253.58,0.10429
255.18,0.10559
256.78,0.10667
258.38,0.10757
259.98,0.10832
261.58,0.10896
263.18,0.10951
264.78,0.11001
266.38,0.11048
267.98,0.11093
269.58,0.11139
271.18,0.11186
272.78,0.11234
274.38,0.11285
275.98,0.11337
277.58,0.1139
279.18,0.11444
280.78,0.11497
282.38,0.11549
283.98,0.11599
285.58,0.11644
287.18,0.11685
288.78,0.1172
290.38,0.11747
291.98,0.11767
293.58,0.11778
295.18,0.11779
296.78,0.1177
298.38,0.11752
299.98,0.11723
301.58,0.11685
303.18,0.11637
304.78,0.11581
306.38,0.11517
307.98,0.11446
309.58,0.11371
311.18,0.11292
312.78,0.11212
314.38,0.11131
315.98,0.11053
317.58,0.10979
319.18,0.10912
320.78,0.10852
322.38,0.10803
323.98,0.10765
325.58,0.1074
327.18,0.10728
328.78,0.10732
330.38,0.1075
331.98,0.10782
333.58,0.10829
335.18,0.10889
336.78,0.10959
338.38,0.1104
339.98,0.11128
341.58,0.11221
343.18,0.11317
344.77,0.11415
346.37,0.11511
347.97,0.11606
349.57,0.11699
351.17,0.11792
352.77,0.11886
354.37,0.11984
355.97,0.12091
357.57,0.12211
359.17,0.12348
360.77,0.12506
362.37,0.12685
363.96,0.12886
365.56,0.13106
367.16,0.13338
368.76,0.13577
370.36,0.13815
371.96,0.14045
373.56,0.14262
375.16,0.14466
376.75,0.14658
378.35,0.14846
379.95,0.1504
381.55,0.15256
383.15,0.1551
384.75,0.15821
386.35,0.16206
387.94,0.1668
389.54,0.17259
391.14,0.17951
392.74,0.18763
394.34,0.19695
395.93,0.20746
397.53,0.21909
399.13,0.23172
400.73,0.24524
402.33,0.25948
403.92,0.27427
405.52,0.28945
407.12,0.30484
408.72,0.32028
410.32,0.33563
411.91,0.35075
413.51,0.36555
415.11,0.37995
416.71,0.39387
418.3,0.40731
419.9,0.42024
421.5,0.43267
423.09,0.44464
424.69,0.45618
426.29,0.46736
427.89,0.47822
429.48,0.48885
431.08,0.4993
432.68,0.50965
434.27,0.51994
435.87,0.53025
437.47,0.5406
439.06,0.55104
440.66,0.56156
442.26,0.57219
443.85,0.5829
445.45,0.59367
447.05,0.60447
448.64,0.61524
450.24,0.62592
451.83,0.63646
453.43,0.64679
455.03,0.65683
456.62,0.66655
458.22,0.67586
459.81,0.68474
461.41,0.69314
463.01,0.70105
464.6,0.70845
466.2,0.71534
467.79,0.72174
469.39,0.72769
470.98,0.7332
472.58,0.73833
474.17,0.74313
475.77,0.74765
477.36,0.75194
478.96,0.75605
480.55,0.76003
482.15,0.76389
483.74,0.76767
485.34,0.77137
486.93,0.77498
488.53,0.77848
490.12,0.78182
491.72,0.78496
493.31,0.78782
494.9,0.79033
496.5,0.79242
498.09,0.79399
499.69,0.79498
501.28,0.7953
502.87,0.7949
504.47,0.79373
506.06,0.79176
507.65,0.78899
509.25,0.78543
510.84,0.78111
512.43,0.77609
514.03,0.77043
515.62,0.76424
517.21,0.7576
518.81,0.75062
520.4,0.74341
521.99,0.73605
523.58,0.72863
525.18,0.72123
526.77,0.71386
528.36,0.70657
529.95,0.69931
531.55,0.69204
533.14,0.68468
534.73,0.67713
536.32,0.66926
537.91,0.66091
539.51,0.65194
541.1,0.6422
542.69,0.63155
544.28,0.61987
545.87,0.60705
547.46,0.59304
549.05,0.57781
550.65,0.56137
552.24,0.54378
553.83,0.52514
555.42,0.50559
557.01,0.48531
558.6,0.46451
560.19,0.44345
561.78,0.42239
563.37,0.40163
564.96,0.38147
566.55,0.3622
568.14,0.3441
569.73,0.32744
571.32,0.31241
572.91,0.29918
574.5,0.28783
576.09,0.27836
577.68,0.2707
579.27,0.26469
580.86,0.26006
582.45,0.25651
584.03,0.25365
585.62,0.2511
587.21,0.24845
588.8,0.24532
590.39,0.24139
591.98,0.2364
593.57,0.23017
595.15,0.22262
596.74,0.21372
598.33,0.20355
599.92,0.19225
601.51,0.18001
603.09,0.16705
604.68,0.15362
606.27,0.13996
607.86,0.12634
609.44,0.11298
611.03,0.10008
612.62,0.08782
614.2,0.07634
615.79,0.06574
617.38,0.05607
618.96,0.04738
620.55,0.03967
622.13,0.03291
623.72,0.02705
625.31,0.02203
626.89,0.01778
628.48,0.01423
630.06,0.01129
631.65,0.00889
633.23,0.00694
634.82,0.00537
636.4,0.00413
637.99,0.00315
639.57,0.00239
641.16,0.0018
642.74,0.00135
644.33,1E-3
645.91,7.44E-4
647.5,5.5E-4
649.08,4.05E-4
650.66,2.99E-4
652.25,2.2E-4
653.83,1.63E-4
655.41,1.21E-4
657,9.1E-5
658.58,6.8E-5
660.16,5.2E-5
661.75,4E-5
663.33,3.2E-5
664.91,2.5E-5
666.49,2.1E-5
668.08,1.7E-5
669.66,1.5E-5
671.24,1.2E-5
672.82,1.1E-5
674.41,9E-6
675.99,8E-6
677.57,8E-6
679.15,7E-6
680.73,6E-6
682.31,6E-6
683.89,5E-6
685.47,5E-6
687.06,4E-6
688.64,4E-6
690.22,4E-6
691.8,4E-6
693.38,3E-6
694.96,3E-6
696.54,3E-6
698.12,3E-6
699.7,3E-6
701.27,3E-6
702.85,2E-6
704.43,2E-6
706.01,2E-6
707.59,2E-6
709.17,2E-6
710.75,2E-6
712.33,2E-6
713.9,2E-6
715.48,2E-6
717.06,2E-6
718.64,2E-6
720.22,2E-6
721.79,1E-6
723.37,1E-6
724.95,1E-6
726.52,1E-6
728.1,1E-6
729.68,1E-6
731.25,1E-6
732.83,1E-6
734.41,1E-6
735.98,1E-6
737.56,1E-6
739.13,1E-6
740.71,1E-6
742.29,1E-6
743.86,1E-6
745.44,1E-6
747.01,1E-6
748.59,1E-6
750.16,1E-6
751.73,1E-6
753.31,1E-6
754.88,1E-6
756.46,1E-6
758.03,1E-6
759.6,1E-6
761.18,1E-6
762.75,1E-6
764.32,1E-6
765.9,1E-6
767.47,1E-6
769.04,1E-6
770.61,1E-6
772.19,0
773.76,0
775.33,0
776.9,0
778.47,0
780.04,0
781.62,0
783.19,0
784.76,0
786.33,0
787.9,0
789.47,0
791.04,0
792.61,0
794.18,0
795.75,0
797.32,0
798.89,0
800.46,0
802.02,0
803.59,0
805.16,0
806.73,0
808.3,0
809.87,0
811.43,0
813,0
814.57,0
816.14,0
817.7,0
819.27,0
820.84,0
822.4,0
823.97,0
825.54,0
827.1,0
828.67,0
830.23,0
831.8,0
833.36,0
834.93,0
836.49,0
838.06,0
839.62,0
841.19,0
842.75,0
844.31,0
845.88,0
847.44,0
849,0
850.57,0
852.13,0
853.69,0
855.25,0
856.82,0
858.38,0
859.94,0
861.5,0
863.06,0
864.62,0
866.18,0
867.75,0
869.31,0
870.87,0
872.43,0
873.99,0
875.55,0
877.11,0
878.66,0
880.22,0
881.78,0
883.34,0
884.9,0
886.46,0
888.02,0
889.57,0
891.13,0
892.69,0
894.25,0
895.8,0
897.36,0
898.92,0
900.47,0
902.03,0
903.59,0
905.14,0
906.7,0
908.25,0
909.81,0
911.36,0
912.92,0
914.47,0
916.02,0
917.58,0
919.13,0
920.69,0
922.24,0
923.79,0
925.35,0
926.9,0
928.45,0
930,0
931.55,0
933.11,0
934.66,0
936.21,0
937.76,0
939.31,0
940.86,0
942.41,0
943.96,0
945.51,0
947.06,0
948.61,0
950.16,0
951.71,0
953.26,0
954.81,0
956.35,0
957.9,0
959.45,0
961,0
962.55,0
964.09,0
965.64,0
967.19,0
968.73,0
970.28,0
971.82,0
973.37,0
974.92,0
976.46,0
978.01,0
979.55,0
981.09,0
982.64,0
984.18,0
985.73,0
987.27,0
988.81,0
990.36,0
991.9,0
993.44,0
994.98,0
996.53,0
998.07,0
999.61,0
1012.27,0
1015.67,0
1019.08,0
1022.48,0
1025.88,0
1029.29,0
1032.69,0
1036.09,0
1039.5,0
1042.9,0
1046.3,0
1049.7,0
1053.11,0
1056.51,0
1059.91,0
1063.31,0
1066.71,0
1070.11,0
1073.52,0
1076.92,0
1080.32,0
1083.72,0
1087.12,0
1090.52,0
1093.92,0
1097.33,0
1100.73,0
1104.13,0
1107.53,0
1110.93,0
1114.33,0
1117.73,0
1121.13,0
1124.53,0
1127.94,0
1131.34,0
1134.74,0
1138.14,0
1141.54,0
1144.94,0
1148.34,0
1151.75,0
1155.15,0
1158.55,0
1161.95,0
1165.35,0
1168.76,0
1172.16,0
1175.56,0
1178.96,0
1182.37,0
1185.77,0
1189.17,0
1192.58,0
1195.98,0
1199.38,0
1202.79,0
1206.19,0
1209.6,0
1213,0
1216.41,0
1219.81,0
1223.22,0
1226.62,0
1230.03,0
1233.43,0
1236.84,0
1240.25,0
1243.65,0
1247.06,0
1250.47,0
1253.88,0
1257.29,0
1260.69,0
1264.1,0
1267.51,0
1270.92,0
1274.33,0
1277.74,0
1281.15,0
1284.56,0
1287.98,0
1291.39,0
1294.8,0
1298.21,0
1301.63,0
1305.04,0
1308.45,0
1311.87,0
1315.28,0
1318.7,0
1322.12,0
1325.53,0
1328.95,0
1332.37,0
1335.78,0
1339.2,0
1342.62,0
1346.04,0
1349.46,0
1352.88,0
1356.3,0
1359.72,0
1363.15,0
1366.57,0
1369.99,0
1373.42,0
1376.84,0
1380.27,0
1383.69,0
1387.12,0
1390.55,0
1393.97,0
1397.4,0
1400.83,0
1404.26,0
1407.69,0
1411.12,0
1414.55,0
1417.98,0
1421.42,0
1424.85,0
1428.29,0
1431.72,0
1435.16,0
1438.59,0
1442.03,0
1445.47,0
1448.91,0
1452.35,0
1455.79,0
1459.23,0
1462.67,0
1466.11,0
1469.56,0
1473,0
1476.44,0
1479.89,0
1483.34,0
1486.78,0
1490.23,0
1493.68,0
1497.13,0
1500.58,0
1504.04,0
1507.49,0
1510.94,0
1514.4,0
1517.85,0
1521.31,0
1524.76,0
1528.22,0
1531.68,0
1535.14,0
1538.6,0
1542.06,0
1545.53,0
1548.99,0
1552.46,0
1555.92,0
1559.39,0
1562.86,0
1566.33,0
1569.8,0
1573.27,0
1576.74,0
1580.21,0
1583.69,0
1587.16,0
1590.64,0
1594.11,0
1597.59,0
1601.07,0
1604.55,0
1608.03,0
1611.52,0
1615,0
1618.49,0
1621.97,0
1625.46,0
1628.95,0
1632.44,0
1635.93,0
1639.42,0
1642.91,0
1646.41,0
1649.9,0
1653.4,0
1656.9,0
1660.39,0
1663.89,0
1667.4,0
1670.9,0
1674.4,0
1677.91,0
1681.41,0
1684.92,0
