wl,k
300,0.57762
302,0.57788
304,0.57824
306,0.57863
308,0.57901
310,0.5793
312,0.57946
314,0.5794
316,0.57906
318,0.57836
320,0.57724
322,0.57562
324,0.57345
326,0.57066
328,0.56722
330,0.56307
332,0.55819
334,0.55257
336,0.54619
338,0.53908
340,0.53124
342,0.52273
344,0.51358
346,0.50386
348,0.49366
350,0.48309
352,0.47228
354,0.46143
356,0.45078
358,0.44065
360,0.43144
362,0.42355
364,0.41741
366,0.41333
368,0.41144
370,0.41156
372,0.41318
374,0.41544
376,0.41726
378,0.41746
380,0.41503
382,0.40926
384,0.39988
386,0.38705
388,0.37137
390,0.35369
392,0.33504
394,0.31646
396,0.29889
398,0.28312
400,0.26974
402,0.25915
404,0.25159
406,0.24721
408,0.24609
410,0.24836
412,0.25421
414,0.26393
416,0.27796
418,0.2969
420,0.32143
422,0.35221
424,0.38956
426,0.433
428,0.48043
430,0.52737
432,0.56704
434,0.59152
436,0.59469
438,0.57516
440,0.53713
442,0.48812
444,0.43568
446,0.3852
448,0.33959
450,0.29985
452,0.2659
454,0.23714
456,0.21284
458,0.19225
460,0.17472
462,0.15972
464,0.14678
466,0.13555
468,0.12573
470,0.11709
472,0.10944
474,0.10261
476,0.09649
478,0.09098
480,0.08597
482,0.08142
484,0.07726
486,0.07343
488,0.06991
490,0.06665
492,0.06362
494,0.06081
496,0.05818
498,0.05572
500,0.05341
502,0.05124
504,0.0492
506,0.04727
508,0.04545
510,0.04372
512,0.04208
514,0.04053
516,0.03905
518,0.03764
520,0.03629
522,0.03501
524,0.03379
526,0.03261
528,0.03149
530,0.03042
532,0.02939
534,0.0284
536,0.02745
538,0.02654
540,0.02567
542,0.02483
544,0.02402
546,0.02324
548,0.02249
550,0.02177
552,0.02107
554,0.0204
556,0.01975
558,0.01913
560,0.01852
562,0.01794
564,0.01738
566,0.01683
568,0.01631
570,0.0158
572,0.01531
574,0.01484
576,0.01438
578,0.01394
580,0.01351
582,0.0131
584,0.0127
586,0.01231
588,0.01194
590,0.01158
592,0.01123
594,0.01089
596,0.01056
598,0.01025
600,0.00994
602,0.00965
604,0.00936
606,0.00909
608,0.00882
610,0.00856
612,0.00831
614,0.00807
616,0.00784
618,0.00761
620,0.00739
622,0.00718
624,0.00698
626,0.00679
628,0.0066
630,0.00642
632,0.00624
634,0.00608
636,0.00592
638,0.00576
640,0.00561
642,0.00547
644,0.00533
646,0.00519
648,0.00507
650,0.00494
652,0.00483
654,0.00471
656,0.00461
658,0.00451
660,0.00441
662,0.00432
664,0.00423
666,0.00414
668,0.00406
670,0.00399
672,0.00392
674,0.00385
676,0.00378
678,0.00372
680,0.00367
682,0.00362
684,0.00357
686,0.00352
688,0.00348
690,0.00344
692,0.00341
694,0.00337
696,0.00334
698,0.00331
700,0.00327
702,0.00324
704,0.00321
706,0.00318
708,0.00315
710,0.00312
712,0.0031
714,0.00307
716,0.00304
718,0.00301
720,0.00298
722,0.00296
724,0.00293
726,0.00291
728,0.00288
730,0.00286
732,0.00283
734,0.00281
736,0.00279
738,0.00277
740,0.00274
742,0.00272
744,0.0027
746,0.00268
748,0.00266
750,0.00263
752,0.00262
754,0.00259
756,0.00258
758,0.00256
760,0.00254
762,0.00252
764,0.0025
766,0.00248
768,0.00246
770,0.00244
772,0.00243
774,0.00241
776,0.00239
778,0.00238
780,0.00236
782,0.00234
784,0.00233
786,0.00231
788,0.00229
790,0.00228
792,0.00227
794,0.00225
796,0.00224
798,0.00222
800,0.00221
802,0.00219
804,0.00218
806,0.00216
808,0.00215
810,0.00214
812,0.00212
814,0.00211
816,0.0021
818,0.00208
820,0.00207
822,0.00206
824,0.00205
826,0.00203
828,0.00202
830,0.00201
832,0.002
834,0.00199
836,0.00198
838,0.00196
840,0.00195
842,0.00194
844,0.00193
846,0.00192
848,0.00191
850,0.0019
852,0.00189
854,0.00188
856,0.00187
858,0.00186
860,0.00185
862,0.00184
864,0.00183
866,0.00182
868,0.00181
870,0.0018
872,0.00179
874,0.00178
876,0.00177
878,0.00176
880,0.00175
882,0.00175
884,0.00174
886,0.00173
888,0.00172
890,0.00171
892,0.0017
894,0.00169
896,0.00169
898,0.00168
900,0.00167
902,0.00166
904,0.00165
906,0.00165
908,0.00164
910,0.00163
912,0.00162
914,0.00162
916,0.00161
918,0.0016
920,0.00159
922,0.00159
924,0.00158
926,0.00157
928,0.00157
930,0.00156
932,0.00155
934,0.00154
936,0.00154
938,0.00153
940,0.00152
942,0.00152
944,0.00151
946,0.0015
948,0.0015
950,0.00149
952,0.00149
954,0.00148
956,0.00147
958,0.00147
960,0.00146
962,0.00146
964,0.00145
966,0.00144
968,0.00144
970,0.00143
972,0.00143
974,0.00142
976,0.00142
978,0.00141
980,0.0014
982,0.0014
984,0.00139
986,0.00139
988,0.00138
990,0.00138
992,0.00137
994,0.00137
996,0.00136
998,0.00136
1000,0.00135
1002,0.00135
1004,0.00134
1006,0.00134
1008,0.00133
1010,0.00133
1012,0.00132
1014,0.00132
1016,0.00131
1018,0.00131
1020,0.0013
1022,0.0013
1024,0.00129
1026,0.00129
1028,0.00128
1030,0.00128
1032,0.00127
1034,0.00127
1036,0.00127
1038,0.00126
1040,0.00126
1042,0.00125
1044,0.00125
1046,0.00124
1048,0.00124
1050,0.00123
1052,0.00123
1054,0.00123
1056,0.00122
1058,0.00122
1060,0.00121
1062,0.00121
1064,0.00121
1066,0.0012
1068,0.0012
1070,0.00119
1072,0.00119
1074,0.00119
1076,0.00118
1078,0.00118
1080,0.00118
1082,0.00117
1084,0.00117
1086,0.00116
1088,0.00116
1090,0.00116
1092,0.00115
1094,0.00115
1096,0.00115
1098,0.00114
1100,0.00114
1102,0.00113
1104,0.00113
1106,0.00113
1108,0.00112
1110,0.00112
1112,0.00112
1114,0.00111
1116,0.00111
1118,0.00111
1120,0.0011
1122,0.0011
1124,0.0011
1126,0.00109
1128,0.00109
1130,0.00109
1132,0.00109
1134,0.00108
1136,0.00108
1138,0.00108
1140,0.00107
1142,0.00107
1144,0.00107
1146,0.00106
1148,0.00106
1150,0.00106
1152,0.00105
1154,0.00105
1156,0.00105
1158,0.00104
1160,0.00104
1162,0.00104
1164,0.00104
1166,0.00103
1168,0.00103
1170,0.00103
1172,0.00102
1174,0.00102
1176,0.00102
1178,0.00102
1180,0.00101
1182,0.00101
1184,0.00101
1186,0.00101
1188,1E-3
1190,1E-3
1192,9.98E-4
1194,9.95E-4
1196,9.92E-4
1198,9.9E-4
1200,9.87E-4
1202,9.85E-4
1204,9.82E-4
1206,9.79E-4
1208,9.77E-4
1210,9.74E-4
1212,9.72E-4
1214,9.69E-4
1216,9.67E-4
1218,9.64E-4
1220,9.62E-4
1222,9.6E-4
1224,9.57E-4
1226,9.55E-4
1228,9.52E-4
1230,9.5E-4
1232,9.48E-4
1234,9.45E-4
1236,9.43E-4
1238,9.4E-4
1240,9.38E-4
1242,9.36E-4
1244,9.34E-4
1246,9.31E-4
1248,9.29E-4
1250,9.27E-4
1252,9.24E-4
1254,9.22E-4
1256,9.2E-4
1258,9.18E-4
1260,9.16E-4
1262,9.13E-4
1264,9.11E-4
1266,9.09E-4
1268,9.07E-4
1270,9.05E-4
1272,9.03E-4
1274,9E-4
1276,8.98E-4
1278,8.96E-4
1280,8.94E-4
1282,8.92E-4
1284,8.9E-4
1286,8.88E-4
1288,8.86E-4
1290,8.84E-4
1292,8.82E-4
1294,8.8E-4
1296,8.78E-4
1298,8.76E-4
1300,8.74E-4
1302,8.72E-4
1304,8.7E-4
1306,8.68E-4
1308,8.66E-4
1310,8.64E-4
1312,8.62E-4
1314,8.6E-4
1316,8.58E-4
1318,8.56E-4
1320,8.54E-4
1322,8.52E-4
1324,8.51E-4
1326,8.49E-4
1328,8.47E-4
1330,8.45E-4
1332,8.43E-4
1334,8.41E-4
1336,8.39E-4
1338,8.38E-4
1340,8.36E-4
1342,8.34E-4
1344,8.32E-4
1346,8.3E-4
1348,8.29E-4
1350,8.27E-4
1352,8.25E-4
1354,8.23E-4
1356,8.22E-4
1358,8.2E-4
1360,8.18E-4
1362,8.16E-4
1364,8.15E-4
1366,8.13E-4
1368,8.11E-4
1370,8.1E-4
1372,8.08E-4
1374,8.06E-4
1376,8.05E-4
1378,8.03E-4
1380,8.01E-4
1382,8E-4
1384,7.98E-4
1386,7.96E-4
1388,7.95E-4
1390,7.93E-4
1392,7.92E-4
1394,7.9E-4
1396,7.88E-4
1398,7.87E-4
1400,7.85E-4
1402,7.84E-4
1404,7.82E-4
1406,7.81E-4
1408,7.79E-4
1410,7.77E-4
1412,7.76E-4
1414,7.74E-4
1416,7.73E-4
1418,7.71E-4
1420,7.7E-4
1422,7.68E-4
1424,7.67E-4
1426,7.65E-4
1428,7.64E-4
1430,7.62E-4
1432,7.61E-4
1434,7.59E-4
1436,7.58E-4
1438,7.56E-4
1440,7.55E-4
1442,7.54E-4
1444,7.52E-4
1446,7.51E-4
1448,7.49E-4
1450,7.48E-4
1452,7.46E-4
1454,7.45E-4
1456,7.44E-4
1458,7.42E-4
1460,7.41E-4
1462,7.39E-4
1464,7.38E-4
1466,7.37E-4
1468,7.35E-4
1470,7.34E-4
1472,7.33E-4
1474,7.31E-4
1476,7.3E-4
1478,7.29E-4
1480,7.27E-4
1482,7.26E-4
1484,7.25E-4
1486,7.23E-4
1488,7.22E-4
1490,7.21E-4
1492,7.19E-4
1494,7.18E-4
1496,7.17E-4
1498,7.15E-4
1500,7.14E-4
1502,7.13E-4
1504,7.12E-4
1506,7.1E-4
1508,7.09E-4
1510,7.08E-4
1512,7.06E-4
1514,7.05E-4
1516,7.04E-4
1518,7.03E-4
1520,7.02E-4
1522,7E-4
1524,6.99E-4
1526,6.98E-4
1528,6.97E-4
1530,6.95E-4
1532,6.94E-4
1534,6.93E-4
1536,6.92E-4
1538,6.91E-4
1540,6.89E-4
1542,6.88E-4
1544,6.87E-4
1546,6.86E-4
1548,6.85E-4
1550,6.83E-4
1552,6.82E-4
1554,6.81E-4
1556,6.8E-4
1558,6.79E-4
1560,6.78E-4
1562,6.77E-4
1564,6.75E-4
1566,6.74E-4
1568,6.73E-4
1570,6.72E-4
1572,6.71E-4
1574,6.7E-4
1576,6.69E-4
1578,6.68E-4
1580,6.66E-4
1582,6.65E-4
1584,6.64E-4
1586,6.63E-4
1588,6.62E-4
1590,6.61E-4
1592,6.6E-4
1594,6.59E-4
1596,6.58E-4
1598,6.57E-4
1600,6.56E-4
1602,6.54E-4
1604,6.53E-4
1606,6.52E-4
1608,6.51E-4
1610,6.5E-4
1612,6.49E-4
1614,6.48E-4
1616,6.47E-4
1618,6.46E-4
1620,6.45E-4
1622,6.44E-4
1624,6.43E-4
1626,6.42E-4
1628,6.41E-4
1630,6.4E-4
1632,6.39E-4
1634,6.38E-4
1636,6.37E-4
1638,6.36E-4
1640,6.35E-4
1642,6.34E-4
1644,6.33E-4
1646,6.32E-4
1648,6.31E-4
1650,6.3E-4
1652,6.29E-4
1654,6.28E-4
1656,6.27E-4
1658,6.26E-4
1660,6.25E-4
1662,6.24E-4
1664,6.23E-4
1666,6.22E-4
1668,6.21E-4
1670,6.2E-4
1672,6.19E-4
1674,6.18E-4
1676,6.18E-4
1678,6.17E-4
1680,6.16E-4
1682,6.15E-4
1684,6.14E-4
1686,6.13E-4
1688,6.12E-4
1690,6.11E-4
1692,6.1E-4
1694,6.09E-4
1696,6.08E-4
1698,6.07E-4
