wl,k
370.91,1.08456
372.49,1.08198
374.08,1.07604
375.66,1.06668
377.24,1.05387
378.82,1.03767
380.4,1.01821
381.99,0.99568
383.57,0.97035
385.15,0.94255
386.74,0.91265
388.32,0.88105
389.9,0.84818
391.48,0.81446
393.07,0.78029
394.65,0.74605
396.24,0.71207
397.82,0.67867
399.4,0.64608
400.99,0.61452
402.57,0.58415
404.16,0.55507
405.74,0.52738
407.33,0.50113
408.91,0.47633
410.5,0.45299
412.08,0.43109
413.67,0.4106
415.25,0.39148
416.84,0.37367
418.42,0.35713
420.01,0.34181
421.6,0.32763
423.18,0.31456
424.77,0.30252
426.35,0.29148
427.94,0.28137
429.53,0.27216
431.11,0.2638
432.7,0.25625
434.28,0.24947
435.87,0.24344
437.46,0.23814
439.05,0.23353
440.63,0.22962
442.22,0.22638
443.81,0.22383
445.39,0.22197
446.98,0.22081
448.57,0.2204
450.16,0.22079
451.75,0.22202
453.33,0.22421
454.92,0.22746
456.51,0.23189
458.1,0.23764
459.69,0.24476
461.28,0.25315
462.86,0.26232
464.45,0.27128
466.04,0.27866
467.63,0.28339
469.22,0.28559
470.81,0.28658
472.4,0.28803
473.99,0.29116
475.58,0.29665
477.17,0.30479
478.75,0.31574
480.34,0.32968
481.93,0.34687
483.52,0.36773
485.11,0.39284
486.7,0.423
488.29,0.45928
489.88,0.50309
491.47,0.55625
493.06,0.62103
494.66,0.70013
496.24,0.79654
497.84,0.91318
499.43,1.05226
501.02,1.21459
502.61,1.39884
504.2,1.59997
505.79,1.80484
507.38,1.9812
508.97,2.05971
510.56,1.93763
512.15,1.5814
513.74,1.13246
515.34,0.75567
516.93,0.49505
518.52,0.32616
520.11,0.21745
521.7,0.14646
523.29,0.09921
524.88,0.06721
526.47,0.04523
528.07,0.03002
529.66,0.01946
531.25,0.01217
532.84,0.00721
534.43,0.00394
536.03,0.0019
537.62,7.67E-4
539.21,3.2E-4
540.8,2.8E-4
542.4,2.65E-4
543.99,2.51E-4
545.58,2.38E-4
547.17,2.25E-4
548.77,2.13E-4
550.36,2.01E-4
551.95,1.91E-4
553.54,1.8E-4
555.13,1.71E-4
556.73,1.61E-4
558.32,1.53E-4
559.91,1.44E-4
561.51,1.37E-4
563.1,1.29E-4
564.69,1.22E-4
566.28,1.16E-4
567.88,1.09E-4
569.47,1.03E-4
571.06,9.8E-5
572.65,9.2E-5
574.25,8.7E-5
575.84,8.2E-5
577.43,7.8E-5
579.03,7.3E-5
580.62,6.9E-5
582.21,6.5E-5
583.81,6.1E-5
585.4,5.8E-5
586.99,5.4E-5
588.58,5.1E-5
590.18,4.8E-5
591.77,4.5E-5
593.37,4.2E-5
594.96,4E-5
596.55,3.7E-5
598.15,3.5E-5
599.74,3.3E-5
601.33,3E-5
602.93,2.8E-5
604.52,2.6E-5
606.11,2.5E-5
607.71,2.3E-5
609.3,2.1E-5
610.89,2E-5
612.49,1.8E-5
614.08,1.7E-5
615.67,1.6E-5
617.27,1.4E-5
618.86,1.3E-5
620.45,1.2E-5
622.04,1.1E-5
623.64,1E-5
625.23,9E-6
626.82,8E-6
628.42,7E-6
630.01,7E-6
631.61,6E-6
633.2,5E-6
634.79,5E-6
636.39,4E-6
637.98,4E-6
639.57,3E-6
641.17,3E-6
642.76,2E-6
644.36,2E-6
645.95,2E-6
647.54,1E-6
649.13,1E-6
650.73,1E-6
652.32,1E-6
653.92,0
655.51,0
657.1,0
658.69,0
660.29,0
661.88,0
663.47,0
665.07,0
666.66,0
668.25,0
669.84,0
671.44,0
673.03,0
674.62,0
676.22,0
677.81,0
679.4,0
681,0
682.59,0
684.18,0
685.77,0
687.37,0
688.96,0
690.55,0
692.14,0
693.73,0
695.33,0
696.92,0
698.51,0
700.11,0
701.7,0
703.29,0
704.88,0
706.47,0
708.07,0
709.66,0
711.25,0
712.84,0
714.43,0
716.03,0
717.62,0
719.21,0
720.8,0
722.39,0
723.99,0
725.58,0
727.17,0
728.76,0
730.35,0
731.94,0
733.53,0
735.13,0
736.72,0
738.3,0
739.9,0
741.49,0
743.08,0
744.67,0
746.26,0
747.85,0
749.44,0
751.03,0
752.62,0
754.21,0
755.8,0
757.39,0
758.98,0
760.57,0
762.16,0
763.75,0
765.34,0
766.93,0
768.52,0
770.11,0
771.7,0
773.29,0
774.88,0
776.47,0
778.06,0
779.65,0
781.23,0
782.82,0
784.41,0
786,0
787.59,0
789.17,0
790.77,0
792.35,0
793.94,0
795.53,0
797.12,0
798.71,0
800.3,0
801.88,0
803.47,0
805.06,0
806.64,0
808.23,0
809.82,0
811.4,0
812.99,0
814.58,0
816.16,0
817.75,0
819.34,0
820.92,0
822.51,0
824.1,0
825.68,0
827.27,0
828.85,0
830.44,0
832.03,0
833.61,0
835.19,0
836.78,0
838.37,0
839.95,0
841.54,0
843.12,0
844.7,0
846.28,0
847.87,0
849.46,0
851.04,0
852.62,0
854.2,0
855.79,0
857.38,0
858.95,0
860.54,0
862.12,0
863.71,0
865.29,0
866.87,0
868.45,0
870.03,0
871.62,0
873.2,0
874.78,0
876.36,0
877.94,0
879.53,0
881.1,0
882.69,0
884.27,0
885.85,0
887.43,0
889.01,0
890.59,0
892.17,0
893.75,0
895.33,0
896.91,0
898.49,0
900.07,0
901.64,0
903.23,0
904.8,0
906.38,0
907.96,0
909.53,0
911.11,0
912.7,0
914.27,0
915.85,0
917.43,0
919,0
920.58,0
922.16,0
923.73,0
925.31,0
926.89,0
928.46,0
930.04,0
931.62,0
933.19,0
934.76,0
936.34,0
937.92,0
939.49,0
941.06,0
942.64,0
944.22,0
945.79,0
947.36,0
948.94,0
950.51,0
952.08,0
953.66,0
955.23,0
956.8,0
958.38,0
959.95,0
961.52,0
963.09,0
964.66,0
966.23,0
967.8,0
969.38,0
970.95,0
972.52,0
974.09,0
975.66,0
977.23,0
978.8,0
980.37,0
981.94,0
983.51,0
985.07,0
986.65,0
988.21,0
989.78,0
991.35,0
992.91,0
994.48,0
996.05,0
997.62,0
999.19,0
1013,0
1016.41,0
1019.81,0
1023.22,0
1026.62,0
1030.03,0
1033.43,0
1036.84,0
1040.25,0
1043.66,0
1047.07,0
1050.47,0
1053.88,0
1057.29,0
1060.7,0
1064.11,0
1067.52,0
1070.93,0
1074.34,0
1077.75,0
1081.16,0
1084.57,0
1087.99,0
1091.4,0
1094.81,0
1098.23,0
1101.64,0
1105.06,0
1108.47,0
1111.89,0
1115.3,0
1118.72,0
1122.13,0
1125.54,0
1128.97,0
1132.38,0
1135.79,0
1139.22,0
1142.63,0
1146.05,0
1149.47,0
1152.89,0
1156.31,0
1159.73,0
1163.14,0
1166.57,0
1169.98,0
1173.4,0
1176.82,0
1180.25,0
1183.68,0
1187.09,0
1190.52,0
1193.94,0
1197.36,0
1200.79,0
1204.21,0
1207.63,0
1211.06,0
1214.48,0
1217.91,0
1221.34,0
1224.77,0
1228.19,0
1231.61,0
1235.04,0
1238.47,0
1241.9,0
1245.32,0
1248.76,0
1252.19,0
1255.61,0
1259.04,0
1262.48,0
1265.91,0
1269.33,0
1272.77,0
1276.2,0
1279.63,0
1283.06,0
1286.49,0
1289.93,0
1293.36,0
1296.8,0
1300.22,0
1303.66,0
1307.09,0
1310.53,0
1313.96,0
1317.4,0
1320.84,0
1324.28,0
1327.71,0
1331.15,0
1334.58,0
1338.03,0
1341.46,0
1344.89,0
1348.34,0
1351.78,0
1355.21,0
1358.66,0
1362.09,0
1365.54,0
1368.98,0
1372.42,0
1375.86,0
1379.3,0
1382.75,0
1386.18,0
1389.63,0
1393.07,0
1396.52,0
1399.95,0
1403.41,0
1406.85,0
1410.29,0
1413.75,0
1417.19,0
1420.63,0
1424.07,0
1427.52,0
1430.98,0
1434.42,0
1437.86,0
1441.31,0
1444.77,0
1448.21,0
1451.65,0
1455.11,0
1458.55,0
1462.01,0
1465.46,0
1468.9,0
1472.36,0
1475.81,0
1479.26,0
1482.71,0
1486.18,0
1489.62,0
1493.08,0
1496.53,0
1499.98,0
1503.44,0
1506.89,0
1510.34,0
1513.81,0
1517.26,0
1520.72,0
1524.18,0
1527.63,0
1531.08,0
1534.55,0
1538,0
1541.46,0
1544.92,0
1548.39,0
1551.84,0
1555.3,0
1558.77,0
1562.22,0
1565.67,0
1569.14,0
1572.61,0
1576.06,0
1579.52,0
1582.99,0
1586.45,0
1589.91,0
1593.38,0
1596.85,0
1600.31,0
1603.77,0
1607.24,0
1610.71,0
1614.17,0
1617.62,0
1621.09,0
1624.57,0
1628.03,0
1631.5,0
1634.96,0
1638.44,0
1641.89,0
1645.38,0
1648.84,0
1652.31,0
1655.77,0
1659.25,0
1662.72,0
1666.19,0
1669.66,0
1673.13,0
1676.59,0
1680.07,0
1683.54,0
1687.02,0
