wl,k
19.07,0.08413
19.09,0.08352
19.1,0.08291
19.12,0.08179
19.13,0.08067
19.15,0.07904
19.16,0.07807
19.18,0.07761
19.19,0.07827
19.21,0.07837
19.22,0.07852
19.24,0.07924
19.25,0.08104
19.27,0.08284
19.28,0.08511
19.3,0.08669
19.31,0.08715
19.33,0.08822
19.34,0.08867
19.36,0.08855
19.37,0.08794
19.39,0.08794
19.4,0.08737
19.42,0.08794
19.43,0.0885
19.45,0.08844
19.46,0.08838
19.48,0.08833
19.49,0.08833
19.51,0.08833
19.53,0.08827
19.54,0.08766
19.56,0.08766
19.57,0.0871
19.59,0.08659
19.6,0.08609
19.62,0.08614
19.63,0.08681
19.65,0.08737
19.66,0.08737
19.68,0.08737
19.7,0.08737
19.71,0.08805
19.73,0.08867
19.74,0.08929
19.76,0.09047
19.77,0.09216
19.79,0.09379
19.81,0.09423
19.82,0.09411
19.84,0.09405
19.85,0.09405
19.87,0.09461
19.89,0.09579
19.9,0.09735
19.92,0.09772
19.93,0.09754
19.95,0.09741
19.97,0.09668
19.98,0.09594
20,0.09422
20.01,0.09366
20.03,0.0925
20.05,0.09188
20.06,0.09077
20.08,0.08961
20.09,0.088
20.11,0.08694
20.13,0.08655
20.14,0.08666
20.16,0.08727
20.18,0.08727
20.19,0.08727
20.21,0.08677
20.23,0.08682
20.24,0.08693
20.26,0.08704
20.28,0.08822
20.29,0.08878
20.31,0.0899
20.33,0.09046
20.34,0.09157
20.36,0.09146
20.38,0.09134
20.39,0.09073
20.41,0.09073
20.43,0.09011
20.44,0.09006
20.46,0.08889
20.48,0.08783
20.49,0.08733
20.51,0.08677
20.53,0.08632
20.54,0.08581
20.56,0.08592
20.58,0.08603
20.6,0.08726
20.61,0.08838
20.63,0.08889
20.65,0.08883
20.66,0.08883
20.68,0.08827
20.7,0.08827
20.72,0.08827
20.73,0.08771
20.75,0.08777
20.77,0.08721
20.79,0.08665
20.8,0.08676
20.82,0.08681
20.84,0.08687
20.86,0.08692
20.87,0.08754
20.89,0.08754
20.91,0.0881
20.93,0.08805
20.94,0.08749
20.96,0.08642
20.98,0.08534
21,0.08545
21.01,0.08505
21.03,0.08516
21.05,0.0859
21.07,0.08714
21.09,0.08834
21.1,0.08947
21.12,0.0901
21.14,0.09067
21.16,0.09067
21.18,0.09129
21.19,0.09135
21.21,0.09141
21.23,0.0921
21.25,0.09324
21.27,0.09324
21.28,0.09393
21.3,0.09456
21.32,0.09577
21.34,0.09697
21.36,0.09811
21.38,0.09925
21.4,0.09918
21.41,0.09975
21.43,0.09975
21.45,0.10039
21.47,0.10102
21.49,0.10159
21.51,0.10216
21.52,0.1033
21.54,0.10387
21.56,0.10451
21.58,0.10564
21.6,0.10678
21.62,0.10728
21.64,0.10842
21.66,0.10948
21.68,0.1099
21.69,0.11033
21.71,0.10969
21.73,0.10962
21.75,0.10962
21.77,0.10955
21.79,0.11004
21.81,0.1094
21.83,0.10884
21.85,0.10884
21.87,0.10891
21.89,0.10955
21.91,0.11004
21.92,0.11046
21.94,0.10983
21.96,0.10912
21.98,0.10856
22,0.10737
22.02,0.10624
22.04,0.10518
22.06,0.10482
22.08,0.10496
22.1,0.10552
22.12,0.10552
22.14,0.10496
22.16,0.10396
22.18,0.1041
22.2,0.10423
22.22,0.10494
22.24,0.10557
22.26,0.10621
22.28,0.10621
22.3,0.10621
22.32,0.10578
22.34,0.10592
22.36,0.10663
22.38,0.1067
22.4,0.10742
22.42,0.10756
22.44,0.10828
22.46,0.10907
22.48,0.11036
22.5,0.11174
22.52,0.11369
22.54,0.11673
22.56,0.12018
22.58,0.12288
22.6,0.12435
22.62,0.12525
22.65,0.12557
22.67,0.12597
22.69,0.1258
22.71,0.12564
22.73,0.12539
22.75,0.1241
22.77,0.12297
22.79,0.12183
22.81,0.12078
22.83,0.12037
22.85,0.12053
22.88,0.12183
22.9,0.12296
22.92,0.12288
22.94,0.1228
22.96,0.12288
22.98,0.12288
23,0.12223
23.02,0.1211
23.05,0.11947
23.07,0.11865
23.09,0.11962
23.11,0.12108
23.13,0.12354
23.15,0.12526
23.17,0.12641
23.2,0.12755
23.22,0.12861
23.24,0.12852
23.26,0.12787
23.28,0.12738
23.31,0.12689
23.33,0.12592
23.35,0.12626
23.37,0.12767
23.39,0.12793
23.42,0.12943
23.44,0.1321
23.46,0.13527
23.48,0.13777
23.5,0.14075
23.53,0.14431
23.55,0.14825
23.57,0.15128
23.59,0.15249
23.62,0.15254
23.64,0.15177
23.66,0.15167
23.68,0.15224
23.71,0.15281
23.73,0.15507
23.75,0.15667
23.77,0.15918
23.8,0.16024
23.82,0.16063
23.84,0.15814
23.87,0.1543
23.89,0.15087
23.91,0.14873
23.94,0.1465
23.96,0.14379
23.98,0.14201
24,0.14247
24.03,0.14323
24.05,0.14351
24.07,0.14436
24.1,0.14559
24.12,0.14578
24.14,0.14664
24.17,0.14797
24.19,0.1492
24.22,0.15074
24.24,0.15435
24.26,0.15811
24.29,0.15985
24.31,0.16035
24.33,0.1587
24.36,0.15662
24.38,0.15362
24.41,0.15091
24.43,0.14962
24.45,0.14944
24.48,0.14974
24.5,0.1504
24.53,0.1505
24.55,0.15014
24.58,0.15044
24.6,0.15131
24.62,0.15275
24.65,0.15399
24.67,0.15523
24.7,0.1558
24.72,0.1558
24.75,0.1559
24.77,0.15554
24.8,0.15575
24.82,0.15664
24.85,0.15742
24.87,0.1581
24.9,0.15774
24.92,0.15749
24.95,0.15803
24.97,0.16042
25,0.1626
25.02,0.16479
25.05,0.16873
25.07,0.17104
25.1,0.17289
25.12,0.17441
25.15,0.17676
25.17,0.18073
25.2,0.18446
25.23,0.1869
25.25,0.19031
25.28,0.19533
25.3,0.20108
25.33,0.20637
25.35,0.20977
25.38,0.2123
25.41,0.21341
25.43,0.21158
25.46,0.21074
25.48,0.2106
25.51,0.21074
25.54,0.212
25.56,0.21353
25.59,0.2145
25.62,0.21562
25.64,0.21659
25.67,0.217
25.7,0.21644
25.72,0.21687
25.75,0.21856
25.78,0.22081
25.8,0.22418
25.83,0.22923
25.86,0.23406
25.88,0.23675
25.91,0.23794
25.94,0.23833
25.97,0.2395
25.99,0.24483
26.02,0.25117
26.05,0.25573
26.07,0.26114
26.1,0.26712
26.13,0.27024
26.16,0.27086
26.18,0.27112
26.21,0.26982
26.24,0.26833
26.27,0.26697
26.3,0.26644
26.32,0.26713
26.35,0.26865
26.38,0.27122
26.41,0.27569
26.44,0.28278
26.46,0.28898
26.49,0.29309
26.52,0.29648
26.55,0.30103
26.58,0.30571
26.61,0.31117
26.63,0.31605
26.66,0.32004
26.69,0.32448
26.72,0.3288
26.75,0.33019
26.78,0.32769
26.81,0.32466
26.84,0.31942
26.87,0.31381
26.89,0.30825
26.92,0.30258
26.95,0.29816
26.98,0.29411
27.01,0.29009
27.04,0.28541
27.07,0.28032
27.1,0.27369
27.13,0.26567
27.16,0.25782
27.19,0.24923
27.22,0.24009
27.25,0.23147
27.28,0.22431
27.31,0.21713
27.34,0.2094
27.37,0.20146
27.4,0.19375
27.43,0.18664
27.46,0.18113
27.49,0.17652
27.52,0.1733
27.55,0.17133
27.58,0.16863
27.61,0.1648
27.64,0.15969
27.68,0.15526
27.71,0.15135
27.74,0.14693
27.77,0.1436
27.8,0.14079
27.83,0.13888
27.86,0.13746
27.89,0.13652
27.92,0.13564
27.96,0.1357
27.99,0.13669
28.02,0.13806
28.05,0.1382
28.08,0.13777
28.11,0.13596
28.15,0.13421
28.18,0.13304
28.21,0.13128
28.24,0.12972
28.27,0.12924
28.31,0.12929
28.34,0.12986
28.37,0.13155
28.4,0.13409
28.44,0.13641
28.47,0.13709
28.5,0.1374
28.53,0.13824
28.57,0.13916
28.6,0.14008
28.63,0.14146
28.67,0.14232
28.7,0.14326
28.73,0.1443
28.77,0.14712
28.8,0.14969
28.83,0.15282
28.87,0.15659
28.9,0.16127
28.93,0.16619
28.97,0.17027
29,0.1705
29.04,0.17197
29.07,0.17783
29.1,0.18293
29.14,0.1825
29.17,0.18061
29.21,0.17955
29.24,0.17712
29.28,0.17763
29.31,0.18283
29.35,0.19018
29.38,0.19567
29.42,0.19867
29.45,0.20019
29.48,0.20089
29.52,0.20223
29.56,0.20448
29.59,0.20546
29.63,0.20471
29.66,0.20649
29.7,0.21063
29.73,0.21494
29.77,0.21505
29.8,0.21135
29.84,0.20643
29.88,0.2032
29.91,0.20278
29.95,0.20775
29.98,0.21566
30.02,0.22322
30.06,0.22883
30.09,0.2349
30.13,0.24193
30.17,0.25233
30.2,0.2614
30.24,0.26392
30.28,0.25819
30.31,0.24705
30.35,0.23451
30.39,0.22304
30.43,0.20987
30.46,0.1946
30.5,0.17827
30.54,0.1635
30.58,0.15105
30.61,0.14156
30.65,0.13446
30.69,0.13018
30.73,0.12775
30.77,0.12784
30.8,0.12957
30.84,0.12997
30.88,0.12943
30.92,0.12959
30.96,0.13116
31,0.13355
31.03,0.1358
31.07,0.13733
31.11,0.13609
31.15,0.13413
31.19,0.1323
31.23,0.13104
31.27,0.1303
31.31,0.13
31.35,0.12866
31.39,0.12746
31.43,0.12743
31.47,0.12837
31.51,0.13022
31.55,0.13148
31.59,0.13312
31.63,0.13364
31.67,0.13312
31.71,0.13222
31.75,0.13185
31.79,0.13155
31.83,0.13229
31.87,0.13297
31.91,0.13409
31.95,0.13447
32,0.13334
32.04,0.13177
32.08,0.12981
32.12,0.12838
32.16,0.12761
32.2,0.1273
32.25,0.12692
32.29,0.12547
32.33,0.1247
32.37,0.12392
32.41,0.12367
32.46,0.12342
32.5,0.12364
32.54,0.12278
32.58,0.12106
32.63,0.12102
32.67,0.12161
32.71,0.12384
32.76,0.12767
32.8,0.13065
32.84,0.13356
32.89,0.13529
32.93,0.13656
32.97,0.13791
33.02,0.14037
33.06,0.14274
33.11,0.14494
33.15,0.14604
33.2,0.14769
33.24,0.14878
33.28,0.14924
33.33,0.14924
33.37,0.14933
33.42,0.14997
33.46,0.15006
33.51,0.15016
33.55,0.14979
33.6,0.15007
33.65,0.15146
33.69,0.15275
33.74,0.15349
33.78,0.15469
33.83,0.15534
33.88,0.15609
33.92,0.15694
33.97,0.15824
34.01,0.159
34.06,0.15985
34.11,0.16193
34.16,0.16436
34.2,0.16734
34.25,0.17011
34.3,0.17166
34.34,0.17332
34.39,0.17497
34.44,0.17707
34.49,0.17794
34.54,0.17937
34.58,0.18012
34.63,0.18022
34.68,0.17945
34.73,0.17814
34.78,0.17694
34.83,0.17596
34.88,0.17618
34.93,0.17672
34.97,0.17651
35.02,0.17465
35.07,0.17192
35.12,0.17026
35.17,0.17156
35.22,0.17354
35.27,0.17464
35.32,0.17464
35.37,0.17431
35.42,0.1752
35.47,0.17641
35.53,0.17597
35.58,0.17631
35.63,0.1772
35.68,0.1792
35.73,0.18154
35.78,0.18296
35.83,0.18261
35.89,0.18151
35.94,0.18052
35.99,0.1802
36.04,0.18054
36.09,0.18011
36.15,0.17923
36.2,0.17936
36.25,0.18107
36.31,0.18322
36.36,0.18582
36.41,0.1885
36.47,0.18825
36.52,0.18726
36.57,0.18663
36.63,0.18837
36.68,0.19055
36.74,0.19374
36.79,0.19655
36.85,0.19839
36.9,0.19744
36.96,0.1959
37.01,0.1956
37.07,0.19517
37.12,0.19331
37.18,0.19296
37.23,0.19457
37.29,0.1972
37.34,0.20042
37.4,0.20467
37.46,0.20978
37.51,0.21333
37.57,0.21574
37.63,0.21887
37.69,0.22101
37.74,0.22501
37.8,0.23071
37.86,0.23672
37.92,0.2407
37.97,0.24355
38.03,0.24583
38.09,0.24919
38.15,0.25095
38.21,0.25177
38.27,0.25183
38.33,0.25351
38.39,0.25486
38.44,0.25513
38.5,0.25455
38.56,0.25269
38.62,0.25115
38.68,0.25138
38.75,0.2506
38.81,0.24771
38.87,0.24596
38.93,0.24459
38.99,0.24162
39.05,0.23978
39.11,0.23915
39.17,0.24052
39.24,0.2413
39.3,0.24032
39.36,0.23803
39.42,0.23588
39.49,0.2347
39.55,0.235
39.61,0.23338
39.67,0.23274
39.74,0.23209
39.8,0.23268
39.87,0.23283
39.93,0.23164
39.99,0.23183
40.06,0.23328
40.12,0.23458
40.19,0.23754
40.25,0.24021
40.32,0.24358
40.39,0.24757
40.45,0.2509
40.52,0.25204
40.58,0.25265
40.65,0.25254
40.72,0.2519
40.78,0.25035
40.85,0.24842
40.92,0.24665
40.99,0.24418
41.05,0.24163
41.12,0.23891
41.19,0.23486
41.26,0.23099
41.33,0.22948
41.4,0.23259
41.47,0.23624
41.54,0.23921
41.61,0.24333
41.68,0.24787
41.75,0.25394
41.82,0.25931
41.89,0.26247
41.96,0.26468
42.03,0.26763
42.1,0.26983
42.17,0.27221
42.24,0.27587
42.32,0.27933
42.39,0.28113
42.46,0.28039
42.53,0.27966
42.61,0.27767
42.68,0.27623
42.75,0.27586
42.83,0.27695
42.9,0.27805
42.98,0.27933
43.05,0.28226
43.12,0.28463
43.2,0.28626
43.28,0.28715
43.35,0.28715
43.43,0.2868
43.5,0.28628
43.58,0.28743
43.66,0.29042
43.73,0.29413
43.81,0.29928
43.89,0.30361
43.97,0.3057
44.04,0.30678
44.12,0.30892
44.2,0.31012
44.28,0.31045
44.36,0.31086
44.44,0.31414
44.52,0.31766
44.6,0.31896
44.68,0.31773
44.76,0.31574
44.84,0.31509
44.92,0.31602
45,0.31582
45.09,0.31496
45.17,0.31378
45.25,0.31394
45.33,0.31645
45.42,0.31995
45.5,0.32229
45.58,0.32324
45.67,0.32494
45.75,0.32696
45.84,0.32898
45.92,0.33047
46.01,0.3309
46.09,0.33252
46.18,0.33596
46.26,0.33919
46.35,0.34326
46.44,0.34838
46.52,0.35234
46.61,0.35478
46.7,0.35536
46.79,0.35565
46.87,0.35461
46.96,0.35517
47.05,0.36009
47.14,0.36693
47.23,0.3728
47.32,0.3784
47.41,0.3845
47.5,0.39058
47.59,0.39392
47.69,0.39258
47.78,0.3888
47.87,0.38499
47.96,0.38115
48.06,0.37628
48.15,0.37234
48.24,0.36705
48.34,0.36429
48.43,0.36428
48.53,0.36355
48.62,0.36322
48.72,0.36669
48.81,0.37461
48.91,0.38657
49.01,0.39598
49.1,0.4033
49.2,0.40552
49.3,0.40552
49.4,0.40456
49.49,0.40951
49.59,0.42169
49.69,0.43762
49.79,0.45702
49.89,0.47909
49.99,0.49318
50.09,0.49233
50.2,0.48822
50.3,0.49056
50.4,0.49777
50.5,0.50385
50.61,0.50677
50.71,0.50824
50.81,0.51132
50.92,0.50826
51.02,0.49449
51.13,0.47808
51.23,0.46648
51.34,0.45637
51.45,0.446
51.55,0.43554
51.66,0.42684
51.77,0.42354
51.88,0.42386
51.99,0.42497
52.09,0.42195
52.2,0.41455
52.31,0.41231
52.42,0.41451
52.54,0.41235
52.65,0.4067
52.76,0.40267
52.87,0.40227
52.98,0.40196
53.1,0.39985
53.21,0.39695
53.33,0.39627
53.44,0.39801
53.56,0.39638
53.67,0.39161
53.79,0.38733
53.91,0.38589
54.02,0.39062
54.14,0.40281
54.26,0.4181
54.38,0.42803
54.5,0.43012
54.62,0.42919
54.74,0.42919
54.86,0.43175
54.98,0.43546
55.1,0.43637
55.23,0.43474
55.35,0.4329
55.47,0.4329
55.6,0.43405
55.72,0.43198
55.85,0.42827
55.97,0.42849
56.1,0.43012
56.23,0.42965
56.36,0.42895
56.48,0.42686
56.61,0.42381
56.74,0.42145
56.87,0.41977
57,0.42287
57.14,0.42792
57.27,0.43011
57.4,0.43192
57.53,0.43838
57.67,0.44843
57.8,0.45752
57.94,0.46238
58.07,0.46364
58.21,0.46159
58.35,0.46091
58.48,0.46459
58.62,0.47388
58.76,0.4867
58.9,0.50163
59.04,0.5147
59.18,0.5228
59.32,0.52777
59.46,0.53352
59.61,0.54477
59.75,0.5522
59.9,0.54697
60.04,0.53117
60.19,0.5192
60.33,0.52167
60.48,0.53552
60.63,0.54929
60.78,0.55378
60.93,0.55209
61.08,0.54822
61.23,0.54394
61.38,0.54024
61.53,0.53779
61.68,0.53375
61.84,0.5308
61.99,0.53431
62.15,0.54241
62.3,0.5499
62.46,0.5546
62.62,0.55954
62.78,0.56487
62.94,0.56948
63.1,0.57044
63.26,0.56659
63.42,0.55957
63.58,0.55045
63.75,0.54273
63.91,0.53962
64.07,0.53971
64.24,0.53914
64.41,0.54008
64.58,0.5466
64.74,0.5582
64.91,0.56928
65.08,0.58104
65.25,0.5942
65.43,0.60736
65.6,0.61859
65.77,0.62818
65.95,0.63521
66.12,0.63797
66.3,0.63527
66.48,0.63091
66.66,0.62758
66.84,0.62642
67.02,0.62988
67.2,0.63673
67.38,0.64341
67.57,0.65205
67.75,0.67052
67.94,0.69177
68.12,0.7064
68.31,0.71147
68.5,0.71254
68.69,0.71581
68.88,0.72208
69.07,0.72576
69.26,0.72599
69.46,0.72842
69.65,0.73451
69.85,0.74378
70.05,0.75611
70.25,0.76734
70.45,0.77207
70.65,0.76528
70.85,0.75449
71.05,0.74339
71.26,0.72782
71.46,0.71306
71.67,0.70204
71.87,0.69166
72.08,0.683
72.29,0.67718
72.51,0.67411
72.72,0.67063
72.93,0.66363
73.15,0.65867
73.36,0.65982
73.58,0.66365
73.8,0.66887
74.02,0.6775
74.24,0.68909
74.47,0.69852
74.69,0.70126
74.91,0.69725
75.14,0.69024
75.37,0.68365
75.6,0.67964
75.83,0.68112
76.06,0.68952
76.3,0.70193
76.53,0.71343
76.77,0.72165
77.01,0.72057
77.25,0.71623
77.49,0.71762
77.73,0.72784
77.98,0.74364
78.22,0.75953
78.47,0.77475
78.72,0.79356
78.97,0.81569
79.22,0.83194
79.48,0.8429
79.73,0.85915
79.99,0.88629
80.25,0.91269
80.51,0.92029
80.77,0.91341
81.04,0.90015
81.3,0.87925
81.57,0.85086
81.84,0.82391
82.11,0.81156
82.38,0.80808
82.66,0.80502
82.93,0.80222
83.21,0.80314
83.49,0.80485
83.77,0.80474
84.06,0.80793
84.34,0.82128
84.63,0.84396
84.92,0.86946
85.21,0.89141
85.51,0.90364
85.8,0.91025
86.1,0.91515
86.4,0.92941
86.7,0.95956
87.01,0.98833
87.31,1.00359
87.62,1.01664
87.93,1.03659
88.25,1.05838
88.56,1.07938
88.88,1.09445
89.2,1.10121
89.52,1.10357
89.84,1.09051
90.17,1.06654
90.5,1.04726
90.83,1.03653
91.16,1.02735
91.5,1.01965
91.84,1.01463
92.18,1.01716
92.53,1.01903
92.87,1.02895
93.22,1.04688
93.57,1.06276
93.93,1.07556
94.28,1.08708
94.64,1.10389
95.01,1.11896
95.37,1.12091
95.74,1.11832
96.11,1.10862
96.49,1.09451
96.86,1.07567
97.24,1.06534
97.63,1.06799
98.01,1.04775
98.4,1.00644
98.79,0.96573
99.19,0.93917
99.59,0.94444
99.99,0.96942
100.39,0.96919
100.8,0.95299
101.21,0.95758
101.63,0.98203
102.05,1.0025
102.47,1.00093
102.89,0.97807
103.32,0.94488
103.75,0.92135
104.19,0.9397
104.63,0.99857
105.07,1.04428
105.52,1.06619
105.97,1.08259
106.42,1.10952
106.88,1.15613
107.35,1.19886
107.81,1.21354
108.28,1.22006
108.76,1.2413
109.24,1.26971
109.72,1.30475
110.21,1.34931
110.7,1.39034
111.2,1.41343
111.7,1.40562
112.2,1.36974
112.71,1.33706
113.23,1.32322
113.75,1.31915
114.27,1.32102
114.8,1.333
115.33,1.35771
115.87,1.38752
116.42,1.40088
116.97,1.37337
117.52,1.30999
118.08,1.24957
118.65,1.21301
119.22,1.20618
119.79,1.23641
120.37,1.28847
120.96,1.34824
121.55,1.39757
122.15,1.41207
122.76,1.41551
123.37,1.40387
123.98,1.37096
124.61,1.35054
125.24,1.36975
125.87,1.40762
126.51,1.44234
127.16,1.45334
127.82,1.42762
128.48,1.39055
129.15,1.37015
129.83,1.36262
130.51,1.36654
131.2,1.37439
131.9,1.36234
132.6,1.33913
133.32,1.30442
134.04,1.26322
134.77,1.22698
135.5,1.19695
136.25,1.1745
137,1.16707
137.76,1.15664
138.53,1.12342
139.31,1.09228
140.1,1.08389
140.89,1.08167
141.7,1.06952
142.51,1.04033
143.33,1.00298
144.17,0.97611
145.01,0.9702
145.86,0.98032
146.73,0.98915
147.6,0.98776
148.48,0.97864
149.38,0.96443
150.28,0.95288
151.2,0.94436
152.13,0.94152
153.07,0.92882
154.02,0.90405
154.98,0.88574
155.96,0.87605
156.94,0.87316
157.94,0.88676
158.95,0.91317
159.98,0.92014
161.02,0.8906
162.07,0.83848
163.14,0.7769
164.22,0.72221
165.31,0.68158
166.42,0.66208
167.55,0.64633
168.69,0.60117
169.84,0.54053
171.01,0.49145
172.2,0.45577
173.4,0.42059
174.63,0.39072
175.86,0.37584
177.12,0.37511
178.4,0.37996
179.69,0.38631
181,0.39292
182.33,0.40131
183.68,0.41297
185.05,0.41883
186.44,0.41506
187.86,0.40649
189.29,0.39318
190.75,0.38088
192.22,0.37732
193.73,0.37918
195.25,0.37465
196.8,0.36563
198.38,0.35942
199.97,0.35786
201.6,0.3601
203.25,0.36632
204.93,0.37571
206.64,0.3848
208.38,0.39336
210.14,0.40841
211.94,0.434
213.77,0.46318
215.63,0.48912
217.52,0.51053
219.44,0.53722
221.4,0.57331
223.4,0.61247
225.43,0.64336
227.49,0.6501
229.6,0.63822
231.75,0.61948
233.93,0.60774
236.16,0.61038
238.43,0.61313
240.75,0.60458
243.11,0.58986
245.51,0.58305
247.97,0.59117
250.47,0.60935
253.03,0.62748
255.64,0.64688
258.3,0.66741
261.02,0.69268
263.8,0.71519
266.63,0.72168
269.53,0.71303
272.49,0.68962
275.52,0.66071
278.62,0.63835
281.78,0.61756
285.02,0.59389
288.34,0.57221
291.73,0.54526
295.2,0.51228
298.76,0.4728
302.4,0.43292
306.13,0.40545
309.96,0.38787
313.88,0.36777
317.91,0.32913
322.04,0.27672
326.27,0.23883
330.62,0.22744
335.09,0.23834
339.68,0.25844
344.4,0.27738
349.25,0.29783
354.24,0.31094
359.37,0.2966
364.66,0.24538
370.1,0.17974
375.71,0.13199
381.49,0.10163
387.45,0.07951
393.6,0.06325
399.95,0.05235
406.51,0.04463
413.28,0.03825
420.28,0.03197
427.53,0.02627
435.03,0.02181
442.8,0.01862
450.85,0.01627
459.2,0.01456
467.87,0.01328
476.86,0.0122
486.21,0.01135
495.94,0.01048
506.06,0.00983
516.6,0.00918
527.59,0.00874
539.06,0.00831
551.04,0.00787
563.56,0.00743
576.67,0.00698
590.4,0.00676
604.8,0.00631
619.92,0.00609
635.82,0.00563
652.55,0.00541
670.19,0.00519
688.8,0.00496
708.48,0.00473
729.32,0.0045
751.42,0.00427
774.9,0.00404
799.9,0.00405
826.56,0.00381
855.06,0.00358
885.6,0.00335
918.4,0.00335
953.73,0.00312
991.87,0.00288
1033.2,0.00288
1078.12,0.00264
1127.13,0.00241
1180.8,0.00241
