wl,k
400,2.31E-6
410,1.99E-6
420,1.76E-6
430,1.59E-6
440,1.48E-6
450,1.4E-6
460,1.37E-6
470,1.35E-6
480,1.33E-6
490,1.35E-6
500,1.32E-6
510,1.36E-6
520,1.36E-6
530,1.35E-6
540,1.33E-6
550,1.32E-6
560,1.36E-6
570,1.4E-6
580,1.39E-6
590,1.38E-6
600,1.29E-6
610,1.29E-6
620,1.25E-6
630,1.23E-6
640,1.17E-6
650,1.09E-6
660,1.01E-6
670,9.51E-7
680,9.11E-7
690,8.72E-7
700,8.64E-7
710,8.6E-7
720,8.52E-7
730,8.32E-7
740,8.28E-7
750,7.84E-7
760,7.43E-7
770,7.56E-7
780,7.45E-7
790,7.64E-7
800,7.56E-7
810,7.49E-7
820,8.66E-7
830,1.17E-6
840,6.77E-7
850,7.58E-7
860,7.04E-7
870,6.26E-7
880,7.57E-6
890,7.81E-6
900,7.73E-6
910,7.75E-6
920,7.45E-6
930,7.75E-6
940,7.79E-6
950,7.85E-6
960,1.14E-6
970,4E-6
980,4.12E-6
990,5.11E-6
1000,9.11E-6
1010,1.02E-6
1020,1.08E-6
1030,1.19E-6
1040,1.26E-6
1050,1.22E-6
1060,1.15E-6
1070,1.09E-6
1080,1.14E-6
1090,8.04E-7
1100,1.23E-6
1110,1.79E-6
1120,3.28E-6
1130,6.05E-6
1140,3.69E-6
1150,3.17E-6
1160,3.65E-6
1170,4.3E-6
1180,5.02E-6
1190,4.41E-6
1200,2.84E-6
1210,2.13E-6
1220,1.77E-6
1230,1.67E-6
1240,1.48E-6
1250,1.43E-6
1260,1.1E-6
1270,1.63E-6
1280,1.59E-6
1290,1.58E-6
1300,1.56E-6
1310,1.73E-6
1320,1.77E-6
1330,2.08E-6
1340,2.37E-6
1350,3.75E-6
1360,5.65E-6
1370,5.95E-6
1380,7.38E-6
1390,7.4E-6
1400,8.39E-6
1410,9.28E-6
1420,9.06E-6
1430,7.88E-6
1440,6.34E-6
1450,5.54E-6
1460,5.43E-6
1470,4.67E-6
1480,3.52E-6
1490,3.57E-6
1500,3.48E-6
1510,3.14E-6
1520,2.69E-6
1530,2.82E-6
1540,2.65E-6
1550,2.45E-6
1560,3.09E-6
1570,3.08E-6
1580,3.4E-6
1590,3.55E-6
1600,4.29E-6
1610,6.02E-6
1620,8.8E-6
1630,1.22E-5
1640,2.89E-5
1650,6.78E-5
1660,1.13E-4
1670,7.27E-5
1680,5.66E-5
1690,4.59E-5
1700,4.27E-5
1710,4.01E-5
1720,4.38E-5
1730,4.5E-5
1740,3.58E-5
1750,2.86E-5
1760,2.7E-5
1770,2.56E-5
1780,2.09E-5
1790,2.01E-5
1800,2.1E-5
1810,2.14E-5
1820,2.04E-5
1830,2.07E-5
1840,1.69E-5
1850,1.65E-5
1860,1.76E-5
1870,1.95E-5
1880,1.9E-5
1890,2.49E-5
1900,4.51E-5
1910,5.06E-5
1920,3.61E-5
1930,2.77E-5
1940,2.83E-5
1950,3.33E-5
1960,2.9E-5
1970,2.14E-5
1980,1.89E-5
1990,1.9E-5
2000,1.91E-5
2009.7,2.11E-5
2019,2.53E-5
2028.5,2.7E-5
2038.1,2.87E-5
2047.8,3.06E-5
2057.5,3.42E-5
2067.3,4.1E-5
2077.3,4.94E-5
2087.3,5.36E-5
2097.5,5.62E-5
2107.7,6.94E-5
2118,9.97E-5
2128.5,1.35E-4
2139,1.36E-4
2149.6,1.26E-4
2156.8,1.21E-4
2167.6,1.08E-4
2178.5,9.9E-5
2189.6,8.86E-5
2197,8.1E-5
2208.2,8.2E-5
2219.6,1.04E-4
2227.2,1.31E-4
2238.7,1.82E-4
2246.5,0.00107
2258.2,0.00228
2266.1,0.00291
2278.1,0.00287
2286.1,0.00246
2298.3,0.00181
2306.5,0.00138
2318.8,8.63E-4
2327.2,0.00116
2339.8,0.00166
2348.2,0.00215
2356.8,0.00219
2369.7,0.00161
2378.4,0.00165
2387.2,0.00198
2396,0.0024
2409.3,0.00254
2418.3,0.00187
2427.4,0.00105
2436.5,6.51E-4
2445.7,5.33E-4
2459.6,9.63E-4
2469,8.36E-4
2478.4,0.00103
2488,0.00114
2497.5,8.18E-4
2507.2,7.94E-4
2516.9,0.00115
2526.8,0.00141
2536.6,0.00112
2546.6,0.00113
2556.7,0.00224
2566.8,0.00284
2577,2.26E-4
2587.3,2.18E-4
2597.6,2.12E-4
2608.1,2.1E-4
2618.6,2.12E-4
2629.3,2.09E-4
2640,2.05E-4
2645.4,2.07E-4
2656.2,2.19E-4
2667.1,2.24E-4
2678.2,2.21E-4
2689.3,2.28E-4
2694.9,0.00192
2706.1,0.0019
2717.5,0.00204
2728.9,0.00216
2734.7,0.00209
2746.2,0.002
2757.9,0.00235
2769.7,0.0021
2775.6,0.00175
2787.6,0.00147
2799.6,0.00183
2805.7,0.00201
2817.9,0.00235
2824,0.00259
2836.4,0.00252
2848.9,0.00172
2855.1,0.00169
2867.8,0.00207
2874.1,0.0022
2886.9,0.00171
2899.8,0.00128
2906.3,0.00147
2919.4,0.00204
2926,0.00225
2939.3,0.00215
2946,0.00208
2959.4,0.00183
2966.2,0.00173
2979.8,0.00152
2986.7,0.00165
2993.6,0.00216
3007.5,0.00277
3014.5,0.00226
3028.6,0.00152
3035.7,0.00166
3049.9,0.00158
3057.1,0.00121
3064.4,0.00104
3078.9,0.00101
3086.3,0.00142
3093.6,0.00209
3108.5,0.00301
3115.9,0.00279
3123.4,0.00226
3138.6,0.00182
3146.2,0.00203
3153.8,0.00217
3169.3,0.00195
3177,0.00201
3184.8,0.00241
3192.7,0.00273
3208.5,0.00325
3216.4,0.00359
3224.4,0.00381
3232.5,0.00392
3248.7,0.00391
3256.9,0.00362
3265.1,0.0034
3273.3,0.00326
3289.9,0.00262
3298.3,0.00264
3306.7,0.00315
3315.2,0.00406
3323.7,0.00519
3332.2,0.00669
3349.4,0.0116
3358.1,0.0148
3366.8,0.0173
3375.6,0.0181
3384.4,0.0167
3393.3,0.0138
3402.2,0.0107
3411.1,0.0081
3429.2,0.00559
3438.3,0.00596
3447.4,0.00671
3456.6,0.00723
3465.8,0.00719
3475.1,0.00661
3484.5,0.0056
3493.9,0.00441
3503.3,0.00342
3512.8,0.0027
3522.4,0.00222
3532,0.00174
3541.6,0.00138
3551.3,0.00152
3561.1,0.00188
3570.9,0.002
3580.7,0.00192
3590.7,0.00191
3600.6,0.00178
3610.7,0.0018
3620.7,0.00194
3630.9,0.00183
3641.1,0.00163
3651.3,0.00159
3661.7,0.0017
3672,0.00173
3682.5,0.00144
3693,0.00107
3703.5,0.00105
3714.1,0.00131
3724.8,0.00151
3735.5,0.00142
3746.3,0.00124
3757.2,0.00114
3768.1,0.00117
3779.1,0.00129
3790.1,0.00139
3801.3,0.0014
3812.4,0.00141
3823.7,0.00147
3835,0.00156
3846.4,0.00166
3857.8,0.00161
3869.3,0.00124
3880.9,0.00112
3892.6,0.0013
3904.3,0.00158
3916.1,0.00174
3928,0.00171
3939.9,0.0016
3951.9,0.00151
3964,0.00146
3976.2,0.00136
3988.4,0.00129
4000.7,0.00135
4013.1,0.00157
4025.5,0.0017
4038.1,0.0015
4050.7,0.00114
4063.4,0.0011
4076.2,0.00124
4089,0.00133
4102,0.00155
4115,0.00186
4128.1,0.00194
4141.3,0.00197
4154.6,0.00209
4167.9,0.00223
4181.4,0.00246
4194.9,0.00274
4208.5,0.00289
4222.2,0.00328
4236,0.0031
4249.9,0.00301
4263.9,0.00291
4278,0.00191
4292.1,9.82E-4
4306.4,0.00122
4320.8,0.00143
4335.2,0.00165
4349.8,0.00189
4364.4,0.00203
4379.1,0.00209
4394,0.00199
4408.9,0.00189
4424,0.0018
4439.1,0.00172
4454.4,0.00179
4469.7,0.00199
4485.2,0.0022
4500.8,0.00212
4516.5,0.00184
4532.3,0.00165
4548.2,0.00151
4564.2,0.00167
4580.3,0.002
4596.5,0.00211
4612.9,0.00211
4629.4,0.0021
4646,0.00219
4662.7,0.00242
4679.5,0.00262
4696.5,0.00257
4713.6,0.00247
4730.8,0.00265
4748.1,0.00261
4765.5,0.00245
4783.1,0.00255
4800.8,0.00249
4818.7,0.00205
4836.7,0.0018
4854.8,0.00191
4873,0.00182
4891.4,0.00176
4910,0.00191
4928.6,0.00187
4947.4,0.00179
4966.4,0.00213
4985.5,0.00257
5004.7,0.0029
5024.1,0.00314
5043.7,0.00327
5063.4,0.00323
5083.2,0.00349
5103.3,0.00434
5123.4,0.0049
5143.8,0.00474
5164.3,0.00411
5184.9,0.00343
5205.7,0.00297
5226.7,0.00283
5247.9,0.00281
5269.2,0.00249
5290.7,0.00231
5312.4,0.00252
5334.3,0.00259
5356.3,0.00272
5378.5,0.00291
5400.9,0.00351
5423.5,0.00454
5446.3,0.00526
5469.3,0.00598
5492.5,0.00649
5515.9,0.00669
5539.4,0.00713
5563.2,0.00767
5587.2,0.00835
5611.4,0.00953
5635.8,0.0115
5660.4,0.0159
5685.2,0.0246
5710.3,0.0564
5735.5,0.176
5761,0.384
5786.7,0.545
5812.7,0.529
5838.9,0.313
5865.3,0.121
5891.9,0.0469
5918.8,0.029
5946,0.0238
5973.4,0.0184
6001.1,0.0136
6029,0.0104
6057.1,0.00875
6085.6,0.00769
6114.3,0.00742
6143.3,0.00777
6172.5,0.00937
6202,0.0102
6231.9,0.00874
6262,0.00737
6292.4,0.00942
6323.1,0.0146
6354.1,0.0149
6385.4,0.00993
6417,0.00714
6448.9,0.00623
6481.1,0.00603
6513.7,0.00703
6546.6,0.00815
6579.8,0.00935
6613.4,0.0151
6647.3,0.02
6681.6,0.0139
6716.2,0.0108
6751.2,0.0184
6786.5,0.0274
6822.3,0.0328
6858.3,0.0377
6894.8,0.0394
6931.7,0.0349
6969,0.0268
7006.6,0.021
7044.7,0.0419
7083.2,0.0842
7122.1,0.0853
7161.5,0.0531
7201.3,0.0409
7241.5,0.0556
7282.2,0.0673
7323.3,0.0519
7364.9,0.0303
7407,0.0291
7449.6,0.0381
7492.6,0.0406
7536.2,0.0441
7580.3,0.0635
7624.9,0.101
7670,0.175
7715.6,0.291
7761.8,0.404
7808.6,0.492
7855.9,0.579
7903.8,0.629
7952.3,0.582
8001.4,0.495
8051.1,0.371
8101.4,0.197
8152.4,0.0803
8204,0.0417
8256.2,0.0295
8309.1,0.0228
8362.8,0.0193
8417.1,0.0206
8472.1,0.0287
8527.8,0.0337
8584.3,0.0311
8641.5,0.0365
8699.5,0.0652
8758.3,0.116
8817.9,0.191
8878.3,0.286
8939.5,0.342
9001.6,0.37
9064.5,0.408
9128.4,0.357
9193.1,0.214
9258.8,0.103
9325.4,0.049
9393,0.0331
9461.5,0.0392
9531.1,0.0535
9601.7,0.0618
9673.3,0.0635
9746.1,0.092
9819.9,0.114
9894.9,0.0695
9971,0.0225
10048,0.0185
10127,0.0288
10207,0.0395
10288,0.0399
10370,0.0306
10453,0.0216
10538,0.0169
10625,0.0159
10713,0.0157
10802,0.0149
10893,0.0154
10985,0.0209
11079,0.03
11174,0.0357
11272,0.0437
11370,0.0612
11471,0.0631
11573,0.0413
11678,0.0276
11784,0.0277
11892,0.0267
12002,0.0238
12114,0.0217
12229,0.0215
12345,0.0215
12464,0.023
12585,0.025
12708,0.02
12834,0.0141
12962,0.0137
13093,0.013
13227,0.0152
13363,0.0286
13502,0.153
13645,0.361
13790,0.35
13938,0.132
14089,0.0233
14244,0.017
14403,0.00914
14564,0.00878
14730,0.00848
14899,0.00682
15072,0.00577
15250,0.00566
15431,0.0058
15617,0.00901
15808,0.0105
16003,0.00686
16203,0.00416
16408,0.00545
16618,0.0077
16834,0.00635
17056,0.00491
17283,0.00416
17517,0.00565
17757,0.00961
18003,0.0121
18257,0.0139
18518,0.0182
18786,0.0223
19062,0.0233
19347,0.0261
19640,0.0363
19942,0.0448
