wl,k
400,7.4E-5
410,8.63E-5
420,4.87E-5
430,3.01E-5
440,2.2E-5
450,1.72E-5
460,1.38E-5
470,1.15E-5
480,9.66E-6
490,8.47E-6
500,7.53E-6
510,6.76E-6
520,6.13E-6
530,5.59E-6
540,5.08E-6
550,4.67E-6
560,4.28E-6
570,3.96E-6
580,3.65E-6
590,3.42E-6
600,3.17E-6
610,2.98E-6
620,2.77E-6
630,2.6E-6
640,2.42E-6
650,2.32E-6
660,2.16E-6
670,2.09E-6
680,1.94E-6
690,1.84E-6
700,1.74E-6
710,1.73E-6
720,1.58E-6
730,1.6E-6
740,1.56E-6
750,1.45E-6
760,1.44E-6
770,1.42E-6
780,1.36E-6
790,1.3E-6
800,1.31E-6
810,1.26E-6
820,1.32E-6
830,7.38E-7
840,1.16E-6
850,9.67E-7
860,1.1E-6
870,9.9E-7
880,4.19E-6
890,3.69E-6
900,4.32E-6
910,1.25E-6
920,8.81E-7
930,2.97E-7
940,1.64E-6
950,1.31E-6
960,1.59E-6
970,8.12E-7
980,1.37E-6
990,2.84E-6
1000,3.76E-6
1010,1.9E-6
1020,1.85E-6
1030,1.6E-6
1040,1.66E-6
1050,1.66E-6
1060,1.56E-6
1070,1.59E-6
1080,1.53E-6
1090,1.6E-6
1100,1.76E-6
1110,1.97E-6
1120,4.15E-6
1130,7.44E-6
1140,7.08E-6
1150,4.32E-6
1160,3.15E-6
1170,3.36E-6
1180,3.79E-6
1190,4.11E-6
1200,2.26E-6
1210,1.95E-6
1220,1.69E-6
1230,1.86E-6
1240,1.52E-6
1250,1.52E-6
1260,1.67E-6
1270,2.63E-6
1280,1.92E-6
1290,1.77E-6
1300,1.86E-6
1310,2.03E-6
1320,2.18E-6
1330,2.61E-6
1340,3.04E-6
1350,3.72E-6
1360,4.73E-6
1370,5.73E-6
1380,6.76E-6
1390,7.05E-6
1400,9.09E-6
1410,1.18E-5
1420,8.8E-6
1430,7.2E-6
1440,5.92E-6
1450,5.41E-6
1460,5.48E-6
1470,5.24E-6
1480,2.1E-6
1490,3.8E-6
1500,3.43E-6
1510,3.29E-6
1520,3.19E-6
1530,3.04E-6
1540,3.02E-6
1550,3.34E-6
1560,2.93E-6
1570,3.11E-6
1580,3.4E-6
1590,3.93E-6
1600,4.94E-6
1610,7.1E-6
1620,1.23E-5
1630,1.94E-5
1640,3.09E-5
1650,5.94E-5
1660,1.06E-4
1670,1.22E-4
1680,6.83E-5
1690,5.32E-5
1700,3.9E-5
1710,2.65E-5
1720,2.31E-5
1730,2.42E-5
1740,2.41E-5
1750,1.77E-5
1760,1.65E-5
1770,1.78E-5
1780,1.53E-5
1790,1.44E-5
1800,1.53E-5
1810,1.59E-5
1820,1.65E-5
1830,1.73E-5
1840,1.7E-5
1850,1.74E-5
1860,1.78E-5
1870,1.88E-5
1880,2.16E-5
1890,3.46E-5
1900,8.32E-5
1910,8.36E-5
1920,4.9E-5
1930,3.46E-5
1940,3.45E-5
1950,3.19E-5
1960,2.49E-5
1970,2.11E-5
1980,1.89E-5
1990,1.86E-5
2000,1.86E-5
2009.7,2.01E-5
2019,2.64E-5
2028.5,3.8E-5
2038.1,5.96E-5
2047.8,6.13E-5
2057.5,6.49E-5
2067.3,7.25E-5
2077.3,8.3E-5
2087.3,8.91E-5
2097.5,9.52E-5
2107.7,8.76E-5
2118,9.21E-5
2128.5,8.56E-5
2139,8.43E-5
2149.6,7.83E-5
2156.8,7.6E-5
2167.6,6.92E-5
2178.5,6.44E-5
2189.6,6.04E-5
2197,5.71E-5
2208.2,5.8E-5
2219.6,7.01E-5
2227.2,8.45E-5
2238.7,1.14E-4
2246.5,1.4E-4
2258.2,0.0165
2266.1,0.0167
2278.1,0.00167
2286.1,0.00126
2298.3,0.00173
2306.5,0.0021
2318.8,0.00108
2327.2,6.33E-4
2339.8,0.00148
2348.2,0.00213
2356.8,0.00171
2369.7,0.00152
2378.4,0.00209
2387.2,0.00267
2396,0.00188
2409.3,0.00155
2418.3,0.00181
2427.4,0.0152
2436.5,0.0147
2445.7,0.0151
2459.6,0.016
2469,1.76E-4
2478.4,1.6E-4
2488,1.52E-4
2497.5,1.52E-4
2507.2,1.5E-4
2516.9,1.4E-4
2526.8,1.28E-4
2536.6,1.22E-4
2546.6,1.2E-4
2556.7,1.17E-4
2566.8,1.12E-4
2577,1.1E-4
2587.3,1.09E-4
2597.6,1.08E-4
2608.1,1.08E-4
2618.6,1.09E-4
2629.3,1.09E-4
2640,1.08E-4
2645.4,1.09E-4
2656.2,1.14E-4
2667.1,1.13E-4
2678.2,1.08E-4
2689.3,1.09E-4
2694.9,1.15E-4
2706.1,1.43E-4
2717.5,0.0154
2728.9,0.0158
2734.7,0.0161
2746.2,0.0165
2757.9,0.0166
2769.7,0.0158
2775.6,0.0156
2787.6,0.0155
2799.6,0.0158
2805.7,0.0159
2817.9,0.0158
2824,0.0158
2836.4,0.0161
2848.9,0.0164
2855.1,0.0166
2867.8,0.0171
2874.1,0.017
2886.9,0.0158
2899.8,0.0146
2906.3,0.0148
2919.4,0.0148
2926,0.0145
2939.3,0.0147
2946,0.0148
2959.4,0.0143
2966.2,0.0139
2979.8,0.0137
2986.7,0.014
2993.6,0.0143
3007.5,0.0143
3014.5,0.014
3028.6,0.0136
3035.7,0.0135
3049.9,0.0138
3057.1,0.0141
3064.4,0.0141
3078.9,0.0135
3086.3,0.0131
3093.6,0.0127
3108.5,0.0121
3115.9,0.0122
3123.4,0.0127
3138.6,0.0128
3146.2,0.0125
3153.8,0.0125
3169.3,0.0127
3177,0.0127
3184.8,0.0129
3192.7,0.0135
3208.5,0.0149
3216.4,0.0157
3224.4,0.0164
3232.5,0.0169
3248.7,0.0173
3256.9,0.0177
3265.1,0.0178
3273.3,0.0176
3289.9,0.0171
3298.3,0.0163
3306.7,0.0153
3315.2,0.0148
3323.7,0.015
3332.2,0.0157
3349.4,0.0196
3358.1,0.0226
3366.8,0.0245
3375.6,0.0242
3384.4,0.0222
3393.3,0.0205
3402.2,0.0197
3411.1,0.019
3429.2,0.0146
3438.3,0.0126
3447.4,0.0118
3456.6,0.0117
3465.8,0.0119
3475.1,0.0124
3484.5,0.0128
3493.9,0.0123
3503.3,0.0107
3512.8,0.0087
3522.4,0.00772
3532,0.00797
3541.6,0.00849
3551.3,0.00874
3561.1,0.00897
3570.9,0.00923
3580.7,0.00941
3590.7,0.00957
3600.6,0.00969
3610.7,0.0094
3620.7,0.009
3630.9,0.00904
3641.1,0.00946
3651.3,0.00976
3661.7,0.00984
3672,0.00978
3682.5,0.00977
3693,0.01
3703.5,0.0104
3714.1,0.0108
3724.8,0.0109
3735.5,0.0107
3746.3,0.0104
3757.2,0.00997
3768.1,0.00951
3779.1,0.00935
3790.1,0.00958
3801.3,0.00981
3812.4,0.00979
3823.7,0.0097
3835,0.00988
3846.4,0.0103
3857.8,0.0107
3869.3,0.0106
3880.9,0.0101
3892.6,0.00951
3904.3,0.0092
3916.1,0.00925
3928,0.0095
3939.9,0.00969
3951.9,0.00984
3964,0.0101
3976.2,0.0103
3988.4,0.0101
4000.7,0.00994
4013.1,0.00987
4025.5,0.00983
4038.1,0.00989
4050.7,0.00997
4063.4,0.0102
4076.2,0.0103
4089,0.0103
4102,0.0103
4115,0.0105
4128.1,0.0106
4141.3,0.0105
4154.6,0.0102
4167.9,0.00997
4181.4,0.00993
4194.9,0.0101
4208.5,0.0104
4222.2,0.0107
4236,0.0104
4249.9,0.00963
4263.9,0.00997
4278,0.0101
4292.1,0.00956
4306.4,0.00938
4320.8,0.0095
4335.2,0.00933
4349.8,0.00925
4364.4,0.00935
4379.1,0.00941
4394,0.00914
4408.9,0.00882
4424,0.00889
4439.1,0.00907
4454.4,0.00916
4469.7,0.0092
4485.2,0.0091
4500.8,0.0089
4516.5,0.00881
4532.3,0.00885
4548.2,0.00891
4564.2,0.0091
4580.3,0.00926
4596.5,0.00932
4612.9,0.00917
4629.4,0.00885
4646,0.00869
4662.7,0.0088
4679.5,0.00881
4696.5,0.00868
4713.6,0.00864
4730.8,0.00859
4748.1,0.00849
4765.5,0.00859
4783.1,0.00863
4800.8,0.00864
4818.7,0.00877
4836.7,0.00886
4854.8,0.0088
4873,0.00871
4891.4,0.00881
4910,0.00917
4928.6,0.00931
4947.4,0.00925
4966.4,0.00917
4985.5,0.0092
5004.7,0.00924
5024.1,0.00901
5043.7,0.0088
5063.4,0.0088
5083.2,0.00896
5103.3,0.00918
5123.4,0.00934
5143.8,0.00925
5164.3,0.00949
5184.9,0.00995
5205.7,0.0101
5226.7,0.00999
5247.9,0.0101
5269.2,0.00991
5290.7,0.00956
5312.4,0.00918
5334.3,0.00889
5356.3,0.00872
5378.5,0.0088
5400.9,0.00913
5423.5,0.00912
5446.3,0.00892
5469.3,0.00922
5492.5,0.01
5515.9,0.0112
5539.4,0.0136
5563.2,0.0197
5587.2,0.0425
5611.4,0.0742
5635.8,0.0763
5660.4,0.0491
5685.2,0.0335
5710.3,0.0401
5735.5,0.0945
5761,0.276
5786.7,0.453
5812.7,0.43
5838.9,0.243
5865.3,0.113
5891.9,0.0619
5918.8,0.0404
5946,0.0303
5973.4,0.0241
6001.1,0.0211
6029,0.019
6057.1,0.0183
6085.6,0.0195
6114.3,0.0278
6143.3,0.0492
6172.5,0.069
6202,0.0824
6231.9,0.104
6262,0.101
6292.4,0.0635
6323.1,0.0345
6354.1,0.0218
6385.4,0.0169
6417,0.0156
6448.9,0.0154
6481.1,0.0154
6513.7,0.0154
6546.6,0.0172
6579.8,0.0289
6613.4,0.0736
6647.3,0.146
6681.6,0.163
6716.2,0.154
6751.2,0.176
6786.5,0.161
6822.3,0.105
6858.3,0.0948
6894.8,0.109
6931.7,0.0987
6969,0.0643
7006.6,0.0376
7044.7,0.0307
7083.2,0.0331
7122.1,0.04
7161.5,0.0669
7201.3,0.12
7241.5,0.165
7282.2,0.22
7323.3,0.315
7364.9,0.357
7407,0.28
7449.6,0.167
7492.6,0.096
7536.2,0.0609
7580.3,0.0481
7624.9,0.0493
7670,0.0582
7715.6,0.0874
7761.8,0.147
7808.6,0.217
7855.9,0.244
7903.8,0.207
7952.3,0.152
8001.4,0.166
8051.1,0.239
8101.4,0.248
8152.4,0.178
8204,0.133
8256.2,0.105
8309.1,0.0656
8362.8,0.0401
8417.1,0.0402
8472.1,0.0574
8527.8,0.0665
8584.3,0.0542
8641.5,0.041
8699.5,0.0344
8758.3,0.0276
8817.9,0.0239
8878.3,0.0299
8939.5,0.0546
9001.6,0.0966
9064.5,0.122
9128.4,0.109
9193.1,0.0955
9258.8,0.0997
9325.4,0.0941
9393,0.0672
9461.5,0.0399
9531.1,0.0247
9601.7,0.0181
9673.3,0.0153
9746.1,0.0228
9819.9,0.0417
9894.9,0.0411
9971,0.022
10048,0.0133
10127,0.013
10207,0.0122
10288,0.0137
10370,0.0173
10453,0.0191
10538,0.0186
10625,0.0166
10713,0.0216
10802,0.0375
10893,0.043
10985,0.0339
11079,0.0315
11174,0.0355
11272,0.038
11370,0.0393
11471,0.044
11573,0.0696
11678,0.118
11784,0.148
11892,0.131
12002,0.0913
12114,0.0595
12229,0.0426
12345,0.0316
12464,0.0303
12585,0.042
12708,0.0634
12834,0.0757
12962,0.0576
13093,0.0336
13227,0.0476
13363,0.0972
13502,0.101
13645,0.0532
13790,0.0277
13938,0.0222
14089,0.0223
14244,0.0298
14403,0.0395
14564,0.0507
14730,0.0517
14899,0.0374
15072,0.0234
15250,0.0175
15431,0.0159
15617,0.0324
15808,0.0734
16003,0.0889
16203,0.0564
16408,0.03
16618,0.0244
16834,0.0249
17056,0.0295
17283,0.0363
17517,0.0458
17757,0.0514
18003,0.0553
18257,0.0597
18518,0.0563
18786,0.048
19062,0.0419
19347,0.0378
19640,0.0311
19942,0.0322
