wl,k
400,2.72E-6
410,2.35E-6
420,2.16E-6
430,1.96E-6
440,1.82E-6
450,1.71E-6
460,1.64E-6
470,1.6E-6
480,1.58E-6
490,1.61E-6
500,1.67E-6
510,1.75E-6
520,1.83E-6
530,1.96E-6
540,2.09E-6
550,2.17E-6
560,2.2E-6
570,2.27E-6
580,2.34E-6
590,2.3E-6
600,2.15E-6
610,2E-6
620,1.9E-6
630,1.8E-6
640,1.68E-6
650,1.54E-6
660,1.44E-6
670,1.29E-6
680,1.14E-6
690,1.01E-6
700,8.96E-7
710,8.02E-7
720,7.67E-7
730,7.15E-7
740,7.07E-7
750,7.06E-7
760,6.66E-7
770,6.6E-7
780,6.47E-7
790,6.13E-7
800,6.16E-7
810,6.26E-7
820,5.3E-7
830,5.22E-7
840,5.1E-7
850,4.62E-7
860,4.5E-7
870,7.13E-7
880,1.08E-6
890,1.04E-6
900,8.17E-7
910,1.02E-6
920,9.17E-7
930,4.52E-7
940,3.63E-7
950,1.34E-7
960,6.2E-7
970,5.58E-7
980,4.46E-7
990,3.32E-7
1000,2.32E-7
1010,6.76E-7
1020,9.18E-7
1030,9.27E-7
1040,8.74E-7
1050,7.94E-7
1060,7.77E-7
1070,7.02E-7
1080,6.53E-7
1090,6.57E-7
1100,5.95E-7
1110,6.26E-7
1120,7.26E-7
1130,8.41E-7
1140,1.32E-6
1150,1.86E-6
1160,3.63E-6
1170,6.46E-6
1180,6.57E-6
1190,7.64E-6
1200,7.76E-6
1210,5.14E-6
1220,3.08E-6
1230,2.07E-6
1240,1.6E-6
1250,1.35E-6
1260,1.23E-6
1270,9E-7
1280,1.05E-6
1290,9.67E-7
1300,9.31E-7
1310,8.83E-7
1320,8.35E-7
1330,8.65E-7
1340,9.25E-7
1350,1.1E-6
1360,1.56E-6
1370,2.42E-6
1380,5.17E-6
1390,5.99E-6
1400,7.58E-6
1410,7.68E-6
1420,8.18E-6
1430,8.03E-6
1440,5.3E-6
1450,4.32E-6
1460,3.61E-6
1470,3.41E-6
1480,2.2E-6
1490,2.74E-6
1500,2.36E-6
1510,2.24E-6
1520,2.24E-6
1530,2.16E-6
1540,1.85E-6
1550,2.04E-6
1560,1.9E-6
1570,1.81E-6
1580,1.85E-6
1590,1.92E-6
1600,1.98E-6
1610,2.11E-6
1620,2.31E-6
1630,2.52E-6
1640,2.66E-6
1650,3.12E-6
1660,4.75E-6
1670,6.43E-6
1680,9.27E-6
1690,2E-5
1700,5.29E-5
1710,1.07E-4
1720,1.16E-4
1730,6.58E-5
1740,6.8E-5
1750,7.02E-5
1760,5.63E-5
1770,4.85E-5
1780,4.47E-5
1790,3.88E-5
1800,3.24E-5
1810,3.02E-5
1820,3.04E-5
1830,3.21E-5
1840,2.94E-5
1850,2.82E-5
1860,2.71E-5
1870,2.38E-5
1880,2.18E-5
1890,2.07E-5
1900,2.46E-5
1910,2.19E-5
1920,1.98E-5
1930,1.99E-5
1940,2E-5
1950,1.97E-5
1960,1.89E-5
1970,1.83E-5
1980,1.77E-5
1990,1.71E-5
2000,1.72E-5
2009.7,1.84E-5
2019,2.86E-5
2028.5,3.9E-5
2038.1,3.93E-5
2047.8,3.96E-5
2057.5,3.99E-5
2067.3,3.96E-5
2077.3,3.9E-5
2087.3,3.86E-5
2097.5,3.87E-5
2107.7,3.96E-5
2118,4.1E-5
2128.5,4.32E-5
2139,4.56E-5
2149.6,4.62E-5
2156.8,4.58E-5
2167.6,4.51E-5
2178.5,4.49E-5
2189.6,4.61E-5
2197,4.8E-5
2208.2,5.31E-5
2219.6,6.16E-5
2227.2,7E-5
2238.7,8.95E-5
2246.5,1.09E-4
2258.2,1.44E-4
2266.1,0.00121
2278.1,0.00225
2286.1,0.00268
2298.3,0.002
2306.5,0.00159
2318.8,0.00213
2327.2,0.0032
2339.8,0.00391
2348.2,0.00374
2356.8,0.00362
2369.7,0.00255
2378.4,0.00234
2387.2,0.00293
2396,0.00301
2409.3,0.00222
2418.3,0.00186
2427.4,0.00175
2436.5,0.00168
2445.7,0.00182
2459.6,0.0022
2469,0.00201
2478.4,0.00249
2488,0.00342
2497.5,0.00396
2507.2,0.00339
2516.9,0.00242
2526.8,0.00234
2536.6,0.0023
2546.6,0.00205
2556.7,0.00258
2566.8,0.00271
2577,0.0024
2587.3,0.00275
2597.6,0.00339
2608.1,0.00354
2618.6,0.00289
2629.3,0.00245
2640,0.00244
2645.4,0.00255
2656.2,0.00262
2667.1,0.00265
2678.2,0.00285
2689.3,0.00274
2694.9,0.00271
2706.1,0.00262
2717.5,0.00213
2728.9,0.00194
2734.7,0.00193
2746.2,0.00209
2757.9,0.00258
2769.7,0.00276
2775.6,0.00284
2787.6,0.00324
2799.6,0.00339
2805.7,0.00322
2817.9,0.00277
2824,0.00275
2836.4,0.00272
2848.9,0.00247
2855.1,0.00251
2867.8,0.00274
2874.1,0.00309
2886.9,0.00397
2899.8,0.00391
2906.3,0.0036
2919.4,0.00304
2926,0.00282
2939.3,0.00266
2946,0.00271
2959.4,0.0025
2966.2,0.00237
2979.8,0.00222
2986.7,0.00245
2993.6,0.00285
3007.5,0.00368
3014.5,0.00339
3028.6,0.0027
3035.7,0.00263
3049.9,0.00206
3057.1,0.00183
3064.4,0.00188
3078.9,0.00234
3086.3,0.00244
3093.6,0.00237
3108.5,0.00239
3115.9,0.00228
3123.4,0.0019
3138.6,0.00158
3146.2,0.00176
3153.8,0.00174
3169.3,0.0014
3177,0.00167
3184.8,0.00191
3192.7,0.00205
3208.5,0.00214
3216.4,0.00215
3224.4,0.00249
3232.5,0.00281
3248.7,0.00206
3256.9,0.00178
3265.1,0.00189
3273.3,0.00196
3289.9,0.002
3298.3,0.00212
3306.7,0.00228
3315.2,0.00265
3323.7,0.0032
3332.2,0.00374
3349.4,0.00576
3358.1,0.00801
3366.8,0.0101
3375.6,0.011
3384.4,0.0111
3393.3,0.0114
3402.2,0.0122
3411.1,0.0132
3429.2,0.0143
3438.3,0.0133
3447.4,0.0107
3456.6,0.00749
3465.8,0.00529
3475.1,0.00465
3484.5,0.00507
3493.9,0.00576
3503.3,0.00597
3512.8,0.00521
3522.4,0.0038
3532,0.00285
3541.6,0.00288
3551.3,0.00316
3561.1,0.00292
3570.9,0.00215
3580.7,0.00149
3590.7,0.00135
3600.6,0.00159
3610.7,0.00175
3620.7,0.00185
3630.9,0.00176
3641.1,0.00162
3651.3,0.00169
3661.7,0.002
3672,0.00224
3682.5,0.00231
3693,0.00215
3703.5,0.00169
3714.1,0.00137
3724.8,0.00142
3735.5,0.00182
3746.3,0.00213
3757.2,0.0022
3768.1,0.00206
3779.1,0.00186
3790.1,0.00185
3801.3,0.00182
3812.4,0.00177
3823.7,0.00176
3835,0.00173
3846.4,0.0017
3857.8,0.00169
3869.3,0.00181
3880.9,0.00198
3892.6,0.00223
3904.3,0.00232
3916.1,0.00219
3928,0.00212
3939.9,0.00194
3951.9,0.00163
3964,0.00147
3976.2,0.00149
3988.4,0.00173
4000.7,0.0021
4013.1,0.0022
4025.5,0.00202
4038.1,0.00199
4050.7,0.00212
4063.4,0.00201
4076.2,0.00183
4089,0.00174
4102,0.00181
4115,0.00203
4128.1,0.00207
4141.3,0.00191
4154.6,0.0018
4167.9,0.00177
4181.4,0.00194
4194.9,0.00216
4208.5,0.00214
4222.2,0.00185
4236,0.0023
4249.9,0.00242
4263.9,0.00252
4278,0.00204
4292.1,0.00165
4306.4,0.00126
4320.8,0.0014
4335.2,0.00178
4349.8,0.00194
4364.4,0.00207
4379.1,0.00208
4394,0.00207
4408.9,0.00216
4424,0.00226
4439.1,0.00211
4454.4,0.00203
4469.7,0.00211
4485.2,0.00208
4500.8,0.00205
4516.5,0.00195
4532.3,0.00176
4548.2,0.00157
4564.2,0.00143
4580.3,0.00143
4596.5,0.00137
4612.9,0.00142
4629.4,0.00165
4646,0.00179
4662.7,0.00176
4679.5,0.00179
4696.5,0.00192
4713.6,0.00189
4730.8,0.00166
4748.1,0.00146
4765.5,0.00146
4783.1,0.00151
4800.8,0.00171
4818.7,0.00187
4836.7,0.00148
4854.8,0.00127
4873,0.00146
4891.4,0.00163
4910,0.00176
4928.6,0.00158
4947.4,0.00144
4966.4,0.0017
4985.5,0.00174
5004.7,0.00183
5024.1,0.00203
5043.7,0.00167
5063.4,0.00155
5083.2,0.00189
5103.3,0.00207
5123.4,0.00205
5143.8,0.00202
5164.3,0.00217
5184.9,0.00208
5205.7,0.00198
5226.7,0.00178
5247.9,0.00159
5269.2,0.0016
5290.7,0.00193
5312.4,0.00231
5334.3,0.00188
5356.3,0.0016
5378.5,0.00181
5400.9,0.0018
5423.5,0.00201
5446.3,0.00232
5469.3,0.00224
5492.5,0.00211
5515.9,0.00218
5539.4,0.00218
5563.2,0.00205
5587.2,0.00214
5611.4,0.00222
5635.8,0.00264
5660.4,0.00325
5685.2,0.00348
5710.3,0.00446
5735.5,0.00722
5761,0.011
5786.7,0.013
5812.7,0.0118
5838.9,0.0082
5865.3,0.00513
5891.9,0.00332
5918.8,0.00286
5946,0.00257
5973.4,0.00252
6001.1,0.00264
6029,0.0026
6057.1,0.00257
6085.6,0.00221
6114.3,0.00164
6143.3,0.00195
6172.5,0.00214
6202,0.00204
6231.9,0.00264
6262,0.00287
6292.4,0.00263
6323.1,0.00271
6354.1,0.00258
6385.4,0.00233
6417,0.00224
6448.9,0.00231
6481.1,0.00249
6513.7,0.00271
6546.6,0.00235
6579.8,0.00176
6613.4,0.00162
6647.3,0.00187
6681.6,0.00276
6716.2,0.00338
6751.2,0.00325
6786.5,0.00435
6822.3,0.00628
6858.3,0.00756
6894.8,0.0104
6931.7,0.0205
6969,0.0348
7006.6,0.0376
7044.7,0.0259
7083.2,0.0129
7122.1,0.00699
7161.5,0.00659
7201.3,0.00898
7241.5,0.0113
7282.2,0.0124
7323.3,0.0136
7364.9,0.016
7407,0.0188
7449.6,0.0248
7492.6,0.0325
7536.2,0.034
7580.3,0.0292
7624.9,0.0246
7670,0.0233
7715.6,0.0234
7761.8,0.0242
7808.6,0.0269
7855.9,0.0343
7903.8,0.0474
7952.3,0.0588
8001.4,0.0597
8051.1,0.0538
8101.4,0.0451
8152.4,0.0326
8204,0.0224
8256.2,0.0201
8309.1,0.0226
8362.8,0.0238
8417.1,0.0198
8472.1,0.0145
8527.8,0.0124
8584.3,0.012
8641.5,0.0112
8699.5,0.0101
8758.3,0.00983
8817.9,0.0116
8878.3,0.0149
8939.5,0.0172
9001.6,0.0201
9064.5,0.0231
9128.4,0.0235
9193.1,0.0217
9258.8,0.0209
9325.4,0.0199
9393,0.017
9461.5,0.0149
9531.1,0.013
9601.7,0.0123
9673.3,0.0129
9746.1,0.0141
9819.9,0.0147
9894.9,0.0144
9971,0.0155
10048,0.0187
10127,0.0228
10207,0.0298
10288,0.0372
10370,0.0407
10453,0.0376
10538,0.031
10625,0.0249
10713,0.0214
10802,0.0203
10893,0.0192
10985,0.0165
11079,0.0137
11174,0.0128
11272,0.0125
11370,0.0124
11471,0.012
11573,0.0122
11678,0.0124
11784,0.0126
11892,0.0131
12002,0.0116
12114,0.00779
12229,0.00406
12345,0.00319
12464,0.00404
12585,0.00393
12708,0.00533
12834,0.00553
12962,0.00486
13093,0.00532
13227,0.0063
13363,0.00678
13502,0.00851
13645,0.0115
13790,0.0132
13938,0.018
14089,0.0282
14244,0.0374
14403,0.0432
14564,0.0438
14730,0.0389
14899,0.0335
15072,0.0321
15250,0.0401
15431,0.0565
15617,0.0718
15808,0.0787
16003,0.0805
16203,0.0809
16408,0.0723
16618,0.0505
16834,0.0297
17056,0.0201
17283,0.0163
17517,0.0134
17757,0.0107
18003,0.01
18257,0.0137
18518,0.016
18786,0.0125
19062,0.00981
19347,0.00757
19640,0.00541
19942,0.0056
